.	0	3	12	26	38	
.	0	324876	10345129	25456634	415086209	
.	1	3	12	26	38	
.	1	110780	7668492	21780923	415086209	
.	2	3	12	26	38	
.	2	28293	6824309	20173514	415086209	
.	3	12	26	38	
.	3	6616886	20256942	415086209	
.	4	3	12	26	38	
.	4	228	6035086	19016537	415086209	
.	5	3	12	26	38	
.	5	917	5897448	18846492	415086209	
.	6	3	12	26	38	
.	6	45941	5872602	18934502	415086209	
.	7	12	26	38	
.	7	5681722	18683560	415086209	
.	8	12	26	38	
.	8	5609181	18678417	415086209	
.	9	3	12	26	38	
.	9	4830	5670036	18991465	415086209	
.	10	12	26	38	
.	10	5639436	18997862	415086209	
.	11	12	26	38	
.	11	5606387	19036606	415086209	
.	12	12	26	38	
.	12	5613278	19072674	415086209	
.	13	12	26	38	
.	13	5679648	19249460	415086209	
.	14	3	12	26	38	
.	14	2464	5591537	19123415	415086209	
.	15	12	26	38	
.	15	5689337	19378493	415086209	
.	16	12	26	38	
.	16	5672917	19339236	415086209	
.	17	12	26	38	
.	17	5707469	19387992	415086209	
.	18	12	26	38	
.	18	5647371	19234175	415086209	
.	19	3	12	26	38	
.	19	19	5745204	19479336	415086209	
.	20	3	12	26	38	
.	20	42	5716346	19385493	415086209	
.	21	3	12	26	38	
.	21	3	5887848	19779343	415086209	
.	22	12	26	38	
.	22	6104595	20339699	415086209	
.	23	3	12	26	38	
.	23	11009	6150034	20380679	415086209	
.	24	3	12	26	38	
.	24	557	6189464	20440555	415086209	
.	25	3	12	26	38	
.	25	2309	6939544	21194147	415086209	
.	26	12	26	38	
.	26	7014255	21351048	415086209	
.	27	3	12	26	38	
.	27	346	7113282	21515046	415086209	
.	28	3	12	26	38	
.	28	7	7231130	21739094	415086209	
.	29	12	26	38	
.	29	7376312	22010916	415086209	
.	30	12	26	38	
.	30	7399450	22036744	415086209	
.	31	3	12	26	38	
.	31	23931	7465381	22128963	415086209	
.	32	12	26	38	
.	32	7469650	22115687	415086209	
.	33	12	26	38	
.	33	7581065	22331294	415086209	
.	34	3	12	26	38	
.	34	54	7740830	22657323	415086209	
.	35	3	12	26	38	
.	35	5007	7786180	22742144	415086209	
.	36	12	26	38	
.	36	7961318	23098507	415086209	
.	37	12	26	38	
.	37	7999247	23175474	415086209	
.	38	12	26	38	
.	38	8106337	23333738	415086209	
.	39	3	12	26	38	
.	39	3384	8049094	23161499	415086209	
.	40	3	12	26	38	
.	40	266	8207810	23522863	415086209	
.	41	3	12	26	38	
.	41	54	8227935	23530639	415086209	
.	42	3	12	26	38	
.	42	30	8273138	23593113	415086209	
.	43	12	26	38	
.	43	8362880	23750501	415086209	
.	44	12	26	38	
.	44	8371691	23694515	415086209	
.	45	3	12	26	38	
.	45	491	8473858	23958209	415086209	
.	46	3	12	26	38	
.	46	2186	8580630	24177936	415086209	
.	47	12	26	38	
.	47	8772703	24622818	415086209	
.	48	3	12	26	38	
.	48	1023	8794565	24626244	415086209	
.	49	3	12	26	38	
.	49	14309	8778131	24545176	415086209	
.	50	3	12	26	38	
.	50	941	8890938	24755772	415086209	
.	51	3	12	26	38	
.	51	5158	8947479	24883890	415086209	
.	52	3	12	26	38	
.	52	575	8936594	24812881	415086209	
.	53	12	26	38	
.	53	9066023	25066440	415086209	
.	54	3	12	26	38	
.	54	600	9332630	25680695	415086209	
.	55	3	12	26	38	
.	55	6797	9315365	25593393	415086209	
.	56	3	12	26	38	
.	56	368	9335317	25618894	415086209	
.	57	12	26	38	
.	57	9447019	25874917	415086209	
.	58	12	26	38	
.	58	9586142	26152800	415086209	
.	59	3	12	26	38	
.	59	2624	9794088	26593776	415086209	
.	60	3	12	26	38	
.	60	36301	9687878	26259016	415086209	
.	61	3	12	26	38	
.	61	54	9670163	26212498	415086209	
.	62	3	12	26	38	
.	62	4671	9745361	26332084	415086209	
.	63	3	12	26	38	
.	63	1366	9737295	26313434	415086209	
.	64	12	26	38	
.	64	10035414	27007740	415086209	
.	65	3	12	26	38	
.	65	256	10139798	27209027	415086209	
.	66	3	12	26	38	
.	66	51551	10123601	27073014	415086209	
.	67	3	12	26	38	
.	67	1873	10183356	27212382	415086209	
.	68	3	12	26	38	
.	68	52109	10436907	27700105	415086209	
.	69	12	26	38	
.	69	10465069	27770282	415086209	
.	70	3	12	26	38	
.	70	8696	10525050	27906296	415086209	
.	71	3	12	26	38	
.	71	8020	10739785	28373498	415086209	
.	72	3	12	26	38	
.	72	5	10708644	28280573	415086209	
.	73	12	26	38	
.	73	10667610	28114459	415086209	
.	74	12	26	38	
.	74	10694649	28144561	415086209	
.	75	3	12	26	38	
.	75	127	10857270	28531163	415086209	
.	76	3	12	26	38	
.	76	199759	11193047	28990081	415086209	
.	77	12	26	38	
.	77	11362662	29652723	415086209	
.	78	3	12	26	38	
.	78	31026	11464572	29786680	415086209	
.	79	3	12	26	38	
.	79	15130	11478661	29781064	415086209	
.	80	3	12	26	38	
.	80	140	11510658	29870400	415086209	
.	81	3	12	26	38	
.	81	5215	11554835	29960376	415086209	
.	82	3	12	26	38	
.	82	136729	12032709	30875363	415086209	
.	83	12	26	38	
.	83	11849357	30543429	415086209	
.	84	12	26	38	
.	84	11806460	30421669	415086209	
.	85	3	12	26	38	
.	85	410	12229926	31359474	415086209	
.	86	3	12	26	38	
.	86	11800	12382864	31639998	415086209	
.	87	3	12	26	38	
.	87	34652	12579826	32078138	415086209	
.	88	12	26	38	
.	88	12574580	32075900	415086209	
.	89	3	12	26	38	
.	89	88448	12628938	32054801	415086209	
.	90	12	26	38	
.	90	12693480	32300536	415086209	
.	91	3	12	26	38	
.	91	41144	12716473	32225367	415086209	
.	92	12	26	38	
.	92	12646465	32072273	415086209	
.	93	3	12	26	38	
.	93	710	12764430	32299479	415086209	
.	94	3	12	26	38	
.	94	4172	12930586	32697288	415086209	
.	95	3	12	26	38	
.	95	14985	13245570	33359573	415086209	
.	96	3	12	26	38	
.	96	444	13240461	33356373	415086209	
.	97	3	12	26	38	
.	97	4301	13378820	33624190	415086209	
.	98	12	26	38	
.	98	13308687	33435803	415086209	
.	99	3	12	26	38	
.	99	1308	13444082	33704814	415086209	
.	100	3	12	26	38	
.	100	93599	13865772	34498308	415086209	
.	101	12	26	38	
.	101	13958677	34808725	415086209	
.	102	3	12	26	38	
.	102	49392	13880184	34531346	415086209	
.	103	3	12	26	38	
.	103	7803	13686910	34163377	415086209	
.	104	12	26	38	
.	104	13834034	34424462	415086209	
.	105	3	12	26	38	
.	105	95524	13816318	34248518	415086209	
.	106	12	26	38	
.	106	13819532	34325492	415086209	
.	107	3	12	26	38	
.	107	1208	14037966	34828581	415086209	
.	108	3	12	26	38	
.	108	34501	14721300	36299150	415086209	
.	109	12	26	38	
.	109	14749459	36397803	415086209	
.	110	3	12	26	38	
.	110	16917	14601875	35973649	415086209	
.	111	3	12	26	38	
.	111	7401	14515969	35769553	415086209	
.	112	3	12	26	38	
.	112	11698	14912019	36696262	415086209	
.	113	3	12	26	38	
.	113	2085	15235624	37350772	415086209	
.	114	3	12	26	38	
.	114	3488	15331049	37548283	415086209	
.	115	12	26	38	
.	115	15117277	37005690	415086209	
.	116	12	26	38	
.	116	14915711	36520258	415086209	
.	117	3	12	26	38	
.	117	2613	15160618	37056215	415086209	
.	118	3	12	26	38	
.	118	1430	15455317	37707117	415086209	
.	119	12	26	38	
.	119	15690045	38185699	415086209	
.	120	12	26	38	
.	120	15849436	38540827	415086209	
.	121	12	26	38	
.	121	16366803	39621196	415086209	
.	122	3	12	26	38	
.	122	1674	15775665	38295965	415086209	
.	123	3	12	26	38	
.	123	3	15878212	38525690	415086209	
.	124	12	26	38	
.	124	16100453	38989181	415086209	
.	125	12	26	38	
.	125	16491090	39871561	415086209	
.	126	12	26	38	
.	126	17185087	41290064	415086209	
.	127	3	12	26	38	
.	127	134	17689738	42359034	415086209	
.	128	3	12	26	38	
.	128	526	17321432	41471427	415086209	
.	129	3	12	26	38	
.	129	200755	17252667	41160582	415086209	
.	130	3	12	26	38	
.	130	87502	17530379	41839104	415086209	
.	131	3	12	26	38	
.	131	62	17195185	41108746	415086209	
.	132	12	26	38	
.	132	16924037	40577862	415086209	
.	133	3	12	26	38	
.	133	24	17160555	41043398	415086209	
.	134	3	12	26	38	
.	134	3	17553822	41885759	415086209	
.	135	12	26	38	
.	135	17990209	42845282	415086209	
.	136	3	12	26	38	
.	136	70822	18129369	43023528	415086209	
.	137	12	26	38	
.	137	17518853	41738542	415086209	
.	138	3	12	26	38	
.	138	147	17813136	42428407	415086209	
.	139	3	12	26	38	
.	139	269	18506164	43820529	415086209	
.	140	3	12	26	38	
.	140	4328	17753097	42172845	415086209	
.	141	3	12	26	38	
.	141	68	18209690	43272347	415086209	
.	142	3	12	26	38	
.	142	17030	19636107	46205442	415086209	
.	143	3	12	26	38	
.	143	2750	19630394	46149844	415086209	
.	144	12	26	38	
.	144	19812498	46531643	415086209	
.	145	12	26	38	
.	145	20077609	47094406	415086209	
.	146	12	26	38	
.	146	19743112	46249722	415086209	
.	147	12	26	38	
.	147	19897002	46649988	415086209	
.	148	12	26	38	
.	148	20376539	47724365	415086209	
.	149	3	12	26	38	
.	149	62	20729753	48444503	415086209	
.	150	3	12	26	38	
.	150	13559	26604959	61411466	415086209	
A	0	12	26	38	
A	0	2893543	6972136	132280091	
A	1	12	26	38	
A	1	1887579	5968440	129241813	
A	2	12	26	38	
A	2	1455763	4967175	125803493	
A	3	12	26	38	
A	3	1445128	5356353	123989105	
A	4	12	26	38	
A	4	1274332	4886931	124355980	
A	5	12	26	38	
A	5	1255814	4918515	124147531	
A	6	12	26	38	
A	6	1267796	5071472	124810754	
A	7	12	26	38	
A	7	1232271	5013774	122841348	
A	8	12	26	38	
A	8	1250809	5128213	122221207	
A	9	12	26	38	
A	9	1297051	5337147	123312284	
A	10	12	26	38	
A	10	1271769	5286874	123807140	
A	11	12	26	38	
A	11	1294648	5392061	123606621	
A	12	12	26	38	
A	12	1281272	5358600	123590738	
A	13	12	26	38	
A	13	1281796	5364807	123204748	
A	14	12	26	38	
A	14	1295677	5428862	123403509	
A	15	12	26	38	
A	15	1315227	5490998	123182359	
A	16	12	26	38	
A	16	1301208	5446050	123319602	
A	17	12	26	38	
A	17	1300011	5425502	122694724	
A	18	12	26	38	
A	18	1280379	5356765	122353275	
A	19	12	26	38	
A	19	1303220	5423308	122467592	
A	20	12	26	38	
A	20	1304321	5405857	122534813	
A	21	12	26	38	
A	21	1335898	5484395	122324934	
A	22	12	26	38	
A	22	1387799	5644761	122430947	
A	23	12	26	38	
A	23	1385031	5608404	122083510	
A	24	12	26	38	
A	24	1386835	5590007	122335546	
A	25	12	26	38	
A	25	1578605	5776167	122355945	
A	26	12	26	38	
A	26	1601175	5817779	122175418	
A	27	12	26	38	
A	27	1624973	5863529	122360743	
A	28	12	26	38	
A	28	1650431	5920587	121973837	
A	29	12	26	38	
A	29	1684844	5975942	121624392	
A	30	12	26	38	
A	30	1697174	6006297	121918348	
A	31	12	26	38	
A	31	1714727	6037094	121919843	
A	32	12	26	38	
A	32	1718233	6030670	121947782	
A	33	12	26	38	
A	33	1754226	6109313	121963748	
A	34	12	26	38	
A	34	1789859	6190773	121455688	
A	35	12	26	38	
A	35	1809139	6230823	121913405	
A	36	12	26	38	
A	36	1853042	6332473	121927089	
A	37	12	26	38	
A	37	1869943	6359241	121609153	
A	38	12	26	38	
A	38	1893881	6399332	121549448	
A	39	12	26	38	
A	39	1875097	6331257	121488633	
A	40	12	26	38	
A	40	1929983	6475266	121902611	
A	41	12	26	38	
A	41	1937511	6479542	121882118	
A	42	12	26	38	
A	42	1951325	6491339	121394274	
A	43	12	26	38	
A	43	1972211	6527066	121166578	
A	44	12	26	38	
A	44	1958928	6469908	121197011	
A	45	12	26	38	
A	45	2010424	6601941	121689081	
A	46	12	26	38	
A	46	2043604	6680915	121737038	
A	47	12	26	38	
A	47	2100194	6819288	121241896	
A	48	12	26	38	
A	48	2110107	6826783	121335697	
A	49	12	26	38	
A	49	2109654	6808408	121466438	
A	50	12	26	38	
A	50	2135168	6858518	121544818	
A	51	12	26	38	
A	51	2158488	6919370	121580845	
A	52	12	26	38	
A	52	2168255	6925419	121426420	
A	53	12	26	38	
A	53	2193200	6961492	121063642	
A	54	12	26	38	
A	54	2271038	7169149	121281993	
A	55	12	26	38	
A	55	2274437	7161314	121466661	
A	56	12	26	38	
A	56	2278050	7153658	121524903	
A	57	12	26	38	
A	57	2322866	7277163	121474016	
A	58	12	26	38	
A	58	2360932	7345007	121266875	
A	59	12	26	38	
A	59	2411702	7473244	121277684	
A	60	12	26	38	
A	60	2375934	7357248	121434462	
A	61	12	26	38	
A	61	2386646	7361964	121298133	
A	62	12	26	38	
A	62	2405680	7401030	121334778	
A	63	12	26	38	
A	63	2402734	7382482	121201134	
A	64	12	26	38	
A	64	2500438	7631860	121194074	
A	65	12	26	38	
A	65	2547546	7732798	121486481	
A	66	12	26	38	
A	66	2518651	7655733	121360816	
A	67	12	26	38	
A	67	2565987	7739123	121410981	
A	68	12	26	38	
A	68	2624489	7860470	121106353	
A	69	12	26	38	
A	69	2629557	7884558	121174614	
A	70	12	26	38	
A	70	2658023	7947411	121421998	
A	71	12	26	38	
A	71	2731045	8116222	121471178	
A	72	12	26	38	
A	72	2726503	8091769	121354523	
A	73	12	26	38	
A	73	2709383	8020585	121298934	
A	74	12	26	38	
A	74	2709824	8008385	121051037	
A	75	12	26	38	
A	75	2783510	8189085	121413682	
A	76	12	26	38	
A	76	2828824	8281457	121499767	
A	77	12	26	38	
A	77	2952829	8580373	121322188	
A	78	12	26	38	
A	78	2960791	8591571	121279827	
A	79	12	26	38	
A	79	2979596	8604289	121241702	
A	80	12	26	38	
A	80	3009681	8672077	121525740	
A	81	12	26	38	
A	81	3024571	8707624	121631052	
A	82	12	26	38	
A	82	3148941	8990940	121477248	
A	83	12	26	38	
A	83	3109604	8868483	121209836	
A	84	12	26	38	
A	84	3117717	8878298	121347830	
A	85	12	26	38	
A	85	3257834	9203332	121525267	
A	86	12	26	38	
A	86	3310217	9297574	121587752	
A	87	12	26	38	
A	87	3365827	9435795	121303360	
A	88	12	26	38	
A	88	3373040	9441840	121239021	
A	89	12	26	38	
A	89	3361836	9404911	121202581	
A	90	12	26	38	
A	90	3416350	9525617	121319503	
A	91	12	26	38	
A	91	3411437	9485291	121335248	
A	92	12	26	38	
A	92	3405339	9453585	121278074	
A	93	12	26	38	
A	93	3441842	9522902	121119218	
A	94	12	26	38	
A	94	3510591	9702658	121246932	
A	95	12	26	38	
A	95	3605778	9902512	121434148	
A	96	12	26	38	
A	96	3619248	9923433	121454817	
A	97	12	26	38	
A	97	3662510	10007182	121306349	
A	98	12	26	38	
A	98	3625880	9910021	121190595	
A	99	12	26	38	
A	99	3681723	10024718	121130713	
A	100	12	26	38	
A	100	3801410	10286311	121355173	
A	101	12	26	38	
A	101	3875913	10437780	121357967	
A	102	12	26	38	
A	102	3823002	10312381	121348567	
A	103	12	26	38	
A	103	3781817	10229029	121192945	
A	104	12	26	38	
A	104	3817964	10286497	121286504	
A	105	12	26	38	
A	105	3807230	10251042	121478103	
A	106	12	26	38	
A	106	3841002	10310414	121572000	
A	107	12	26	38	
A	107	3930071	10528255	121557495	
A	108	12	26	38	
A	108	4128815	10971364	121416424	
A	109	12	26	38	
A	109	4152656	11025414	121494416	
A	110	12	26	38	
A	110	4109485	10896680	121642609	
A	111	12	26	38	
A	111	4097370	10859788	121725110	
A	112	12	26	38	
A	112	4230782	11178036	121622359	
A	113	12	26	38	
A	113	4337978	11385663	121525952	
A	114	12	26	38	
A	114	4370544	11452662	121501695	
A	115	12	26	38	
A	115	4301913	11287256	121649411	
A	116	12	26	38	
A	116	4258554	11163137	121687571	
A	117	12	26	38	
A	117	4334009	11335921	121633426	
A	118	12	26	38	
A	118	4455952	11608773	121626580	
A	119	12	26	38	
A	119	4517519	11724167	121592899	
A	120	12	26	38	
A	120	4592186	11883940	121732127	
A	121	12	26	38	
A	121	4756624	12230163	121920998	
A	122	12	26	38	
A	122	4565724	11802036	121629348	
A	123	12	26	38	
A	123	4601966	11877807	121501726	
A	124	12	26	38	
A	124	4673139	12025914	121569705	
A	125	12	26	38	
A	125	4835322	12395071	121818392	
A	126	12	26	38	
A	126	5070699	12858040	121901787	
A	127	12	26	38	
A	127	5236083	13203612	121852784	
A	128	12	26	38	
A	128	5097466	12872860	121601394	
A	129	12	26	38	
A	129	5034623	12779873	121611642	
A	130	12	26	38	
A	130	5169278	13039317	121874321	
A	131	12	26	38	
A	131	5090013	12831675	121867223	
A	132	12	26	38	
A	132	5000179	12669721	121738130	
A	133	12	26	38	
A	133	5096173	12848887	121573465	
A	134	12	26	38	
A	134	5216691	13105126	121657781	
A	135	12	26	38	
A	135	5403585	13512688	121935459	
A	136	12	26	38	
A	136	5417826	13526839	121940620	
A	137	12	26	38	
A	137	5229472	13116818	121803449	
A	138	12	26	38	
A	138	5352079	13393824	121671547	
A	139	12	26	38	
A	139	5568672	13808794	121706221	
A	140	12	26	38	
A	140	5325678	13302108	121908999	
A	141	12	26	38	
A	141	5532865	13769136	121948387	
A	142	12	26	38	
A	142	5984090	14673418	121885131	
A	143	12	26	38	
A	143	5996880	14676675	121722820	
A	144	12	26	38	
A	144	6061293	14820282	121850493	
A	145	12	26	38	
A	145	6156903	15000761	122083070	
A	146	12	26	38	
A	146	6054888	14748867	122094288	
A	147	12	26	38	
A	147	6128805	14932151	122020923	
A	148	12	26	38	
A	148	6295272	15288922	121946762	
A	149	12	26	38	
A	149	6421147	15531537	121933238	
A	150	12	26	38	
A	150	8738686	20202433	121989599	
T	0	12	26	38	
T	0	3093449	7818802	116491857	
T	1	12	26	38	
T	1	2670790	7270117	125170377	
T	2	12	26	38	
T	2	2780104	7610776	127204313	
T	3	12	26	38	
T	3	2703385	7465894	123816317	
T	4	12	26	38	
T	4	2430112	6966179	121852567	
T	5	12	26	38	
T	5	2381649	6910032	121657769	
T	6	12	26	38	
T	6	2347218	6882963	121589773	
T	7	12	26	38	
T	7	2314567	6932358	124375746	
T	8	12	26	38	
T	8	2291205	6949200	124804739	
T	9	12	26	38	
T	9	2254906	6943584	123507942	
T	10	12	26	38	
T	10	2250803	6994168	123447032	
T	11	12	26	38	
T	11	2192166	6901860	123820171	
T	12	12	26	38	
T	12	2183859	6919228	124506655	
T	13	12	26	38	
T	13	2203993	6981257	124218679	
T	14	12	26	38	
T	14	2146177	6885103	123735753	
T	15	12	26	38	
T	15	2168801	6949503	123856124	
T	16	12	26	38	
T	16	2156844	6935976	123865092	
T	17	12	26	38	
T	17	2163910	6957979	124153748	
T	18	12	26	38	
T	18	2132142	6877782	124074932	
T	19	12	26	38	
T	19	2158110	6950609	123638246	
T	20	12	26	38	
T	20	2131557	6874971	123456756	
T	21	12	26	38	
T	21	2185829	7019502	123367445	
T	22	12	26	38	
T	22	2254759	7207465	123425555	
T	23	12	26	38	
T	23	2264825	7213162	122846526	
T	24	12	26	38	
T	24	2275711	7229984	122835891	
T	25	12	26	38	
T	25	2559880	7532711	122634945	
T	26	12	26	38	
T	26	2572326	7564461	122612464	
T	27	12	26	38	
T	27	2610406	7616205	122551458	
T	28	12	26	38	
T	28	2638878	7682064	122601479	
T	29	12	26	38	
T	29	2682790	7759786	122540587	
T	30	12	26	38	
T	30	2675670	7735270	122144096	
T	31	12	26	38	
T	31	2686008	7747797	122219527	
T	32	12	26	38	
T	32	2689321	7737159	122215011	
T	33	12	26	38	
T	33	2731455	7811970	122152608	
T	34	12	26	38	
T	34	2778494	7907975	122022063	
T	35	12	26	38	
T	35	2787259	7925911	121885696	
T	36	12	26	38	
T	36	2850508	8066909	122030043	
T	37	12	26	38	
T	37	2863370	8091568	122166846	
T	38	12	26	38	
T	38	2900209	8144991	122061295	
T	39	12	26	38	
T	39	2863574	8051255	121778867	
T	40	12	26	38	
T	40	2909131	8146538	121387390	
T	41	12	26	38	
T	41	2914040	8149488	121585060	
T	42	12	26	38	
T	42	2925866	8162998	122123248	
T	43	12	26	38	
T	43	2963784	8237003	121888239	
T	44	12	26	38	
T	44	2963329	8207931	121703150	
T	45	12	26	38	
T	45	2979434	8258109	121484736	
T	46	12	26	38	
T	46	3015023	8344562	121538873	
T	47	12	26	38	
T	47	3087109	8506009	121875391	
T	48	12	26	38	
T	48	3086719	8491614	121560784	
T	49	12	26	38	
T	49	3064734	8428971	121276265	
T	50	12	26	38	
T	50	3107861	8505753	121429884	
T	51	12	26	38	
T	51	3108965	8516740	121437143	
T	52	12	26	38	
T	52	3105523	8486853	121771018	
T	53	12	26	38	
T	53	3147306	8569687	121640828	
T	54	12	26	38	
T	54	3228850	8762594	121260619	
T	55	12	26	38	
T	55	3226281	8740962	121213574	
T	56	12	26	38	
T	56	3226383	8743274	121365424	
T	57	12	26	38	
T	57	3267413	8831905	121624488	
T	58	12	26	38	
T	58	3302575	8895611	121336507	
T	59	12	26	38	
T	59	3375384	9048349	121113317	
T	60	12	26	38	
T	60	3311975	8903538	121039217	
T	61	12	26	38	
T	61	3317212	8892783	121431179	
T	62	12	26	38	
T	62	3350152	8953731	121583475	
T	63	12	26	38	
T	63	3331307	8916570	121386021	
T	64	12	26	38	
T	64	3423373	9122842	121159831	
T	65	12	26	38	
T	65	3453236	9184079	121029602	
T	66	12	26	38	
T	66	3429957	9131595	121187695	
T	67	12	26	38	
T	67	3460928	9177453	121378647	
T	68	12	26	38	
T	68	3534203	9338518	121272429	
T	69	12	26	38	
T	69	3548337	9355327	121024858	
T	70	12	26	38	
T	70	3551996	9367948	120826374	
T	71	12	26	38	
T	71	3636259	9538786	121026296	
T	72	12	26	38	
T	72	3621944	9503562	121209535	
T	73	12	26	38	
T	73	3610597	9458862	121175338	
T	74	12	26	38	
T	74	3600161	9425384	121126700	
T	75	12	26	38	
T	75	3652450	9543182	120952456	
T	76	12	26	38	
T	76	3706069	9654581	121020307	
T	77	12	26	38	
T	77	3838251	9961156	121239487	
T	78	12	26	38	
T	78	3850153	9965567	120905292	
T	79	12	26	38	
T	79	3847693	9939286	120712436	
T	80	12	26	38	
T	80	3866992	9983958	120808784	
T	81	12	26	38	
T	81	3876026	10007392	120945708	
T	82	12	26	38	
T	82	3990513	10258461	121161780	
T	83	12	26	38	
T	83	3972564	10197854	120979125	
T	84	12	26	38	
T	84	3927967	10083760	120813492	
T	85	12	26	38	
T	85	4082641	10418415	120891527	
T	86	12	26	38	
T	86	4134800	10519384	120992756	
T	87	12	26	38	
T	87	4189670	10655961	120992186	
T	88	12	26	38	
T	88	4202054	10676163	120894550	
T	89	12	26	38	
T	89	4174915	10608923	120748181	
T	90	12	26	38	
T	90	4226617	10720838	120774847	
T	91	12	26	38	
T	91	4218558	10696675	120947033	
T	92	12	26	38	
T	92	4207204	10652245	121107759	
T	93	12	26	38	
T	93	4234183	10697712	120890249	
T	94	12	26	38	
T	94	4270550	10776378	120694847	
T	95	12	26	38	
T	95	4360829	10968608	120618144	
T	96	12	26	38	
T	96	4369966	10990379	120790172	
T	97	12	26	38	
T	97	4426377	11111446	120941710	
T	98	12	26	38	
T	98	4397660	11032511	120809145	
T	99	12	26	38	
T	99	4423695	11072117	120686037	
T	100	12	26	38	
T	100	4525044	11281809	120426682	
T	101	12	26	38	
T	101	4585156	11404702	120759403	
T	102	12	26	38	
T	102	4557424	11354245	120774914	
T	103	12	26	38	
T	103	4477924	11180816	120683426	
T	104	12	26	38	
T	104	4536207	11288928	120568813	
T	105	12	26	38	
T	105	4462754	11121945	120457492	
T	106	12	26	38	
T	106	4515785	11228686	120691770	
T	107	12	26	38	
T	107	4568994	11337465	120773399	
T	108	12	26	38	
T	108	4810812	11850242	120496570	
T	109	12	26	38	
T	109	4824327	11881723	120466383	
T	110	12	26	38	
T	110	4741300	11686394	120327452	
T	111	12	26	38	
T	111	4717371	11638451	120481012	
T	112	12	26	38	
T	112	4862623	11963288	120666600	
T	113	12	26	38	
T	113	4975482	12173823	120653466	
T	114	12	26	38	
T	114	4979537	12178727	120398264	
T	115	12	26	38	
T	115	4917486	12033169	120416946	
T	116	12	26	38	
T	116	4813403	11795624	120455805	
T	117	12	26	38	
T	117	4913861	12019567	120620517	
T	118	12	26	38	
T	118	4986840	12168587	120440322	
T	119	12	26	38	
T	119	5058970	12308752	120304027	
T	120	12	26	38	
T	120	5100551	12397343	120186074	
T	121	12	26	38	
T	121	5293819	12797674	120350960	
T	122	12	26	38	
T	122	5092449	12382041	120614907	
T	123	12	26	38	
T	123	5097534	12392651	120497226	
T	124	12	26	38	
T	124	5165831	12530915	120354831	
T	125	12	26	38	
T	125	5285340	12773016	120283146	
T	126	12	26	38	
T	126	5521900	13233846	120300020	
T	127	12	26	38	
T	127	5705134	13589025	120360046	
T	128	12	26	38	
T	128	5564034	13299459	120290224	
T	129	12	26	38	
T	129	5441531	13063139	120051983	
T	130	12	26	38	
T	130	5568707	13310115	119990934	
T	131	12	26	38	
T	131	5491139	13133358	120206290	
T	132	12	26	38	
T	132	5387073	12940516	120311717	
T	133	12	26	38	
T	133	5446753	13052283	120187650	
T	134	12	26	38	
T	134	5569837	13290013	120070173	
T	135	12	26	38	
T	135	5701834	13570284	120030565	
T	136	12	26	38	
T	136	5744707	13656755	120182071	
T	137	12	26	38	
T	137	5559801	13272714	120376128	
T	138	12	26	38	
T	138	5618964	13406048	120224434	
T	139	12	26	38	
T	139	5847783	13847727	120109757	
T	140	12	26	38	
T	140	5590795	13329983	120082514	
T	141	12	26	38	
T	141	5717814	13614538	120207366	
T	142	12	26	38	
T	142	6213607	14589699	120266205	
T	143	12	26	38	
T	143	6190238	14531817	120163171	
T	144	12	26	38	
T	144	6241323	14609537	119976216	
T	145	12	26	38	
T	145	6323625	14789316	119993146	
T	146	12	26	38	
T	146	6207508	14531000	120191405	
T	147	12	26	38	
T	147	6249530	14631995	120313250	
T	148	12	26	38	
T	148	6404568	14972015	120203140	
T	149	12	26	38	
T	149	6479097	15108621	120043452	
T	150	12	26	38	
T	150	8140061	18675662	119503971	
G	0	12	26	38	
G	0	1846366	5067451	82033571	
G	1	12	26	38	
G	1	1501779	4445542	84151299	
G	2	12	26	38	
G	2	1386477	4177853	81361598	
G	3	12	26	38	
G	3	1407089	4287806	85746515	
G	4	12	26	38	
G	4	1339011	4152977	87002248	
G	5	12	26	38	
G	5	1299556	4052030	86295751	
G	6	12	26	38	
G	6	1286347	4027708	86114961	
G	7	12	26	38	
G	7	1206701	3802384	83707653	
G	8	12	26	38	
G	8	1171125	3720279	83984319	
G	9	12	26	38	
G	9	1194070	3772300	84257544	
G	10	12	26	38	
G	10	1221349	3834356	84251591	
G	11	12	26	38	
G	11	1204200	3790901	83730316	
G	12	12	26	38	
G	12	1218055	3816542	83475402	
G	13	12	26	38	
G	13	1246945	3882628	83906019	
G	14	12	26	38	
G	14	1211873	3800495	84187384	
G	15	12	26	38	
G	15	1240626	3863499	84140138	
G	16	12	26	38	
G	16	1244547	3869917	84178905	
G	17	12	26	38	
G	17	1257137	3883646	83912839	
G	18	12	26	38	
G	18	1245604	3859918	84073055	
G	19	12	26	38	
G	19	1276484	3920528	84303437	
G	20	12	26	38	
G	20	1271018	3911766	84564228	
G	21	12	26	38	
G	21	1327098	4024944	84651218	
G	22	12	26	38	
G	22	1379060	4143135	84734859	
G	23	12	26	38	
G	23	1398618	4177273	85198493	
G	24	12	26	38	
G	24	1416951	4210708	85034688	
G	25	12	26	38	
G	25	1565005	4358885	85367518	
G	26	12	26	38	
G	26	1581080	4384534	85232183	
G	27	12	26	38	
G	27	1609252	4434149	85275690	
G	28	12	26	38	
G	28	1648484	4497187	85565217	
G	29	12	26	38	
G	29	1682617	4568205	85756770	
G	30	12	26	38	
G	30	1695663	4586422	85982757	
G	31	12	26	38	
G	31	1701547	4587197	85899188	
G	32	12	26	38	
G	32	1714703	4605231	85927251	
G	33	12	26	38	
G	33	1734228	4641951	85963879	
G	34	12	26	38	
G	34	1776311	4718071	86189223	
G	35	12	26	38	
G	35	1781235	4724503	86039384	
G	36	12	26	38	
G	36	1824328	4799287	86020958	
G	37	12	26	38	
G	37	1823083	4800353	86062274	
G	38	12	26	38	
G	38	1851008	4839755	86209938	
G	39	12	26	38	
G	39	1846787	4829397	86447309	
G	40	12	26	38	
G	40	1886314	4912488	86553600	
G	41	12	26	38	
G	41	1881288	4891526	86275349	
G	42	12	26	38	
G	42	1884947	4894295	86209856	
G	43	12	26	38	
G	43	1908629	4932562	86310028	
G	44	12	26	38	
G	44	1920413	4944755	86327555	
G	45	12	26	38	
G	45	1933277	4980305	86391863	
G	46	12	26	38	
G	46	1961615	5024390	86391590	
G	47	12	26	38	
G	47	1986918	5082041	86356975	
G	48	12	26	38	
G	48	1998694	5095187	86375858	
G	49	12	26	38	
G	49	1989270	5070223	86470787	
G	50	12	26	38	
G	50	2024631	5133717	86373577	
G	51	12	26	38	
G	51	2039936	5164244	86411913	
G	52	12	26	38	
G	52	2028823	5123571	86199328	
G	53	12	26	38	
G	53	2063539	5197105	86433786	
G	54	12	26	38	
G	54	2131068	5338102	86680363	
G	55	12	26	38	
G	55	2120344	5302477	86516198	
G	56	12	26	38	
G	56	2132819	5318677	86526739	
G	57	12	26	38	
G	57	2146784	5343502	86283495	
G	58	12	26	38	
G	58	2177401	5414534	86557602	
G	59	12	26	38	
G	59	2226668	5501193	86485231	
G	60	12	26	38	
G	60	2206950	5446633	86542915	
G	61	12	26	38	
G	61	2201549	5427716	86281560	
G	62	12	26	38	
G	62	2222358	5459910	86272536	
G	63	12	26	38	
G	63	2225300	5468231	86516963	
G	64	12	26	38	
G	64	2287409	5599611	86736458	
G	65	12	26	38	
G	65	2307028	5625088	86550961	
G	66	12	26	38	
G	66	2300287	5599980	86454327	
G	67	12	26	38	
G	67	2308023	5607675	86245794	
G	68	12	26	38	
G	68	2348392	5694188	86418147	
G	69	12	26	38	
G	69	2398471	5763254	86823550	
G	70	12	26	38	
G	70	2402563	5785025	86893791	
G	71	12	26	38	
G	71	2430447	5852028	86602039	
G	72	12	26	38	
G	72	2425206	5829344	86613061	
G	73	12	26	38	
G	73	2417367	5802899	86639998	
G	74	12	26	38	
G	74	2432939	5828754	86726259	
G	75	12	26	38	
G	75	2453536	5875623	86677826	
G	76	12	26	38	
G	76	2471611	5901187	86564003	
G	77	12	26	38	
G	77	2531615	6031850	86637598	
G	78	12	26	38	
G	78	2568691	6101950	86963506	
G	79	12	26	38	
G	79	2570716	6103751	87048768	
G	80	12	26	38	
G	80	2568009	6095992	86903850	
G	81	12	26	38	
G	81	2572037	6098475	86704479	
G	82	12	26	38	
G	82	2627209	6224020	86672742	
G	83	12	26	38	
G	83	2639941	6233607	86919934	
G	84	12	26	38	
G	84	2620818	6183151	86702596	
G	85	12	26	38	
G	85	2696254	6351050	86602668	
G	86	12	26	38	
G	86	2713781	6385076	86582177	
G	87	12	26	38	
G	87	2747271	6452913	86713442	
G	88	12	26	38	
G	88	2754496	6460521	86896019	
G	89	12	26	38	
G	89	2755434	6453508	86846685	
G	90	12	26	38	
G	90	2773423	6490016	86719911	
G	91	12	26	38	
G	91	2767808	6446387	86557612	
G	92	12	26	38	
G	92	2764022	6435598	86487354	
G	93	12	26	38	
G	93	2791044	6494019	86640282	
G	94	12	26	38	
G	94	2817939	6549768	86761092	
G	95	12	26	38	
G	95	2894793	6722834	86729430	
G	96	12	26	38	
G	96	2880674	6691382	86729817	
G	97	12	26	38	
G	97	2897003	6712164	86598040	
G	98	12	26	38	
G	98	2897300	6705874	86783138	
G	99	12	26	38	
G	99	2925410	6766167	86870060	
G	100	12	26	38	
G	100	2990702	6907758	86875984	
G	101	12	26	38	
G	101	3005217	6939712	86732495	
G	102	12	26	38	
G	102	2996613	6902698	86764239	
G	103	12	26	38	
G	103	2960222	6817035	86742205	
G	104	12	26	38	
G	104	3001508	6890793	86794613	
G	105	12	26	38	
G	105	2979191	6841617	86742506	
G	106	12	26	38	
G	106	2991848	6855045	86661899	
G	107	12	26	38	
G	107	3022071	6919535	86635298	
G	108	12	26	38	
G	108	3145495	7203769	86777077	
G	109	12	26	38	
G	109	3155680	7222121	86761538	
G	110	12	26	38	
G	110	3141173	7170303	86838019	
G	111	12	26	38	
G	111	3113559	7096248	86750301	
G	112	12	26	38	
G	112	3166514	7224830	86656703	
G	113	12	26	38	
G	113	3231747	7371011	86760437	
G	114	12	26	38	
G	114	3263803	7440789	87000823	
G	115	12	26	38	
G	115	3232524	7341420	86901864	
G	116	12	26	38	
G	116	3187226	7231817	86787846	
G	117	12	26	38	
G	117	3219104	7297634	86719805	
G	118	12	26	38	
G	118	3268894	7407733	86875196	
G	119	12	26	38	
G	119	3327510	7537763	86932392	
G	120	12	26	38	
G	120	3345341	7572308	86965021	
G	121	12	26	38	
G	121	3445893	7789770	86826988	
G	122	12	26	38	
G	122	3319157	7479331	86774383	
G	123	12	26	38	
G	123	3349120	7545930	86822072	
G	124	12	26	38	
G	124	3399369	7656977	86830483	
G	125	12	26	38	
G	125	3452089	7784067	86724130	
G	126	12	26	38	
G	126	3584685	8081472	86807220	
G	127	12	26	38	
G	127	3664765	8275500	86792412	
G	128	12	26	38	
G	128	3621053	8135773	86912973	
G	129	12	26	38	
G	129	3568607	8011159	86967420	
G	130	12	26	38	
G	130	3644870	8187520	86892548	
G	131	12	26	38	
G	131	3589510	8026404	86825599	
G	132	12	26	38	
G	132	3540939	7911561	86825612	
G	133	12	26	38	
G	133	3574427	7987866	86879694	
G	134	12	26	38	
G	134	3655481	8173746	86927806	
G	135	12	26	38	
G	135	3727134	8331708	86903681	
G	136	12	26	38	
G	136	3737169	8349931	86816953	
G	137	12	26	38	
G	137	3638456	8094839	86820514	
G	138	12	26	38	
G	138	3687319	8216756	86989220	
G	139	12	26	38	
G	139	3837549	8555570	87051418	
G	140	12	26	38	
G	140	3696349	8200146	86997460	
G	141	12	26	38	
G	141	3739653	8323295	86929765	
G	142	12	26	38	
G	142	4019293	8964712	86957337	
G	143	12	26	38	
G	143	4015199	8938866	87139200	
G	144	12	26	38	
G	144	4064092	9043987	87242637	
G	145	12	26	38	
G	145	4111880	9161300	87170055	
G	146	12	26	38	
G	146	4033954	8937747	87029601	
G	147	12	26	38	
G	147	4056131	9007830	87107049	
G	148	12	26	38	
G	148	4152442	9232393	87219739	
G	149	12	26	38	
G	149	4216487	9380415	87347542	
G	150	12	26	38	
G	150	5187306	11972428	87798034	
C	0	12	26	38	
C	0	2186895	5273369	83955814	
C	1	12	26	38	
C	1	1497564	3986044	76411940	
C	2	12	26	38	
C	2	1173672	3389417	80688512	
C	3	12	26	38	
C	3	1061284	3146889	81534272	
C	4	12	26	38	
C	4	991403	3010222	81875186	
C	5	12	26	38	
C	5	959512	2964998	82984241	
C	6	12	26	38	
C	6	925300	2906418	82524780	
C	7	12	26	38	
C	7	928183	2935044	84161462	
C	8	12	26	38	
C	8	896042	2880725	84075944	
C	9	12	26	38	
C	9	919179	2933604	84003609	
C	10	12	26	38	
C	10	895515	2882464	83580446	
C	11	12	26	38	
C	11	915373	2951784	83929101	
C	12	12	26	38	
C	12	930092	2978304	83513414	
C	13	12	26	38	
C	13	946914	3020768	83756763	
C	14	12	26	38	
C	14	935346	3006491	83757099	
C	15	12	26	38	
C	15	964683	3074493	83907588	
C	16	12	26	38	
C	16	970318	3087293	83722610	
C	17	12	26	38	
C	17	986411	3120865	84324898	
C	18	12	26	38	
C	18	989246	3139710	84584947	
C	19	12	26	38	
C	19	1007371	3184872	84676915	
C	20	12	26	38	
C	20	1009408	3192857	84530370	
C	21	12	26	38	
C	21	1039020	3250499	84742609	
C	22	12	26	38	
C	22	1082977	3344338	84494848	
C	23	12	26	38	
C	23	1090551	3370831	84946671	
C	24	12	26	38	
C	24	1109410	3409299	84879527	
C	25	12	26	38	
C	25	1233745	3524075	84725492	
C	26	12	26	38	
C	26	1259674	3584274	85066144	
C	27	12	26	38	
C	27	1268305	3600817	84897972	
C	28	12	26	38	
C	28	1293330	3639249	84945669	
C	29	12	26	38	
C	29	1326061	3706983	85164460	
C	30	12	26	38	
C	30	1330943	3708755	85041008	
C	31	12	26	38	
C	31	1339168	3732944	85023720	
C	32	12	26	38	
C	32	1347393	3742627	84996165	
C	33	12	26	38	
C	33	1361156	3768060	85005974	
C	34	12	26	38	
C	34	1396112	3840450	85419181	
C	35	12	26	38	
C	35	1403540	3855900	85242717	
C	36	12	26	38	
C	36	1433440	3899838	85108119	
C	37	12	26	38	
C	37	1442851	3924312	85247936	
C	38	12	26	38	
C	38	1461239	3949660	85265528	
C	39	12	26	38	
C	39	1460252	3946206	85368016	
C	40	12	26	38	
C	40	1482116	3988305	85242342	
C	41	12	26	38	
C	41	1495042	4010029	85343628	
C	42	12	26	38	
C	42	1510970	4044451	85358801	
C	43	12	26	38	
C	43	1518256	4053870	85721364	
C	44	12	26	38	
C	44	1529021	4071921	85858493	
C	45	12	26	38	
C	45	1550232	4117363	85520038	
C	46	12	26	38	
C	46	1558202	4125883	85416522	
C	47	12	26	38	
C	47	1598482	4215480	85611947	
C	48	12	26	38	
C	48	1598022	4211637	85812847	
C	49	12	26	38	
C	49	1600164	4223265	85858410	
C	50	12	26	38	
C	50	1622337	4256843	85736989	
C	51	12	26	38	
C	51	1634932	4278378	85651150	
C	52	12	26	38	
C	52	1633418	4276463	85688868	
C	53	12	26	38	
C	53	1661978	4338156	85947953	
C	54	12	26	38	
C	54	1701074	4410250	85862634	
C	55	12	26	38	
C	55	1687506	4381843	85882979	
C	56	12	26	38	
C	56	1697697	4402917	85668775	
C	57	12	26	38	
C	57	1709956	4422347	85704210	
C	58	12	26	38	
C	58	1745234	4497648	85925225	
C	59	12	26	38	
C	59	1777710	4568366	86207353	
C	60	12	26	38	
C	60	1756718	4515296	86033314	
C	61	12	26	38	
C	61	1764702	4529981	86075283	
C	62	12	26	38	
C	62	1762500	4512742	85890749	
C	63	12	26	38	
C	63	1776588	4544785	85980725	
C	64	12	26	38	
C	64	1824194	4653427	85995846	
C	65	12	26	38	
C	65	1831732	4666806	86018909	
C	66	12	26	38	
C	66	1823155	4634155	86031820	
C	67	12	26	38	
C	67	1846545	4686258	86048914	
C	68	12	26	38	
C	68	1877714	4754820	86237171	
C	69	12	26	38	
C	69	1888704	4767143	86063187	
C	70	12	26	38	
C	70	1903772	4797216	85935350	
C	71	12	26	38	
C	71	1934014	4858442	85978676	
C	72	12	26	38	
C	72	1934986	4855893	85909085	
C	73	12	26	38	
C	73	1930263	4832113	85971939	
C	74	12	26	38	
C	74	1951725	4882038	86182213	
C	75	12	26	38	
C	75	1967647	4923146	86042118	
C	76	12	26	38	
C	76	1986784	4953097	85802373	
C	77	12	26	38	
C	77	2039967	5079344	85886936	
C	78	12	26	38	
C	78	2053911	5096566	85906558	
C	79	12	26	38	
C	79	2065526	5118608	86068173	
C	80	12	26	38	
C	80	2065836	5118233	85847695	
C	81	12	26	38	
C	81	2076986	5141670	85799755	
C	82	12	26	38	
C	82	2129317	5265213	85637710	
C	83	12	26	38	
C	83	2127248	5243485	85977314	
C	84	12	26	38	
C	84	2139958	5276460	86222291	
C	85	12	26	38	
C	85	2192787	5386267	86066337	
C	86	12	26	38	
C	86	2212266	5426164	85911724	
C	87	12	26	38	
C	87	2242406	5498817	86042569	
C	88	12	26	38	
C	88	2244990	5497376	86056619	
C	89	12	26	38	
C	89	2248305	5499011	86200314	
C	90	12	26	38	
C	90	2277090	5564065	86271948	
C	91	12	26	38	
C	91	2277526	5555870	86205172	
C	92	12	26	38	
C	92	2269900	5530845	86213022	
C	93	12	26	38	
C	93	2296651	5584136	86435750	
C	94	12	26	38	
C	94	2327334	5664312	86379166	
C	95	12	26	38	
C	95	2369185	5750634	86289502	
C	96	12	26	38	
C	96	2370129	5750735	86110959	
C	97	12	26	38	
C	97	2388629	5789097	86235809	
C	98	12	26	38	
C	98	2387847	5787397	86303331	
C	99	12	26	38	
C	99	2411946	5840504	86398091	
C	100	12	26	38	
C	100	2455017	5928831	86334771	
C	101	12	26	38	
C	101	2492391	6026531	86236344	
C	102	12	26	38	
C	102	2453753	5912630	86149097	
C	103	12	26	38	
C	103	2459144	5928694	86459830	
C	104	12	26	38	
C	104	2478355	5958244	86436279	
C	105	12	26	38	
C	105	2471619	5938390	86312584	
C	106	12	26	38	
C	106	2470897	5931347	86160540	
C	107	12	26	38	
C	107	2515622	6042118	86118809	
C	108	12	26	38	
C	108	2601677	6239274	86361637	
C	109	12	26	38	
C	109	2616796	6268545	86363872	
C	110	12	26	38	
C	110	2593000	6203355	86261212	
C	111	12	26	38	
C	111	2580268	6167665	86122385	
C	112	12	26	38	
C	112	2640402	6318410	86128849	
C	113	12	26	38	
C	113	2688332	6418190	86144269	
C	114	12	26	38	
C	114	2713677	6472617	86181939	
C	115	12	26	38	
C	115	2665354	6343845	86117988	
C	116	12	26	38	
C	116	2656528	6329680	86154987	
C	117	12	26	38	
C	117	2691031	6400480	86109848	
C	118	12	26	38	
C	118	2742201	6520594	86142681	
C	119	12	26	38	
C	119	2786046	6615017	86256891	
C	120	12	26	38	
C	120	2811358	6687236	86202987	
C	121	12	26	38	
C	121	2870467	6803589	85987263	
C	122	12	26	38	
C	122	2796661	6630883	86065897	
C	123	12	26	38	
C	123	2829589	6709299	86265182	
C	124	12	26	38	
C	124	2862114	6775375	86331190	
C	125	12	26	38	
C	125	2918339	6919407	86260541	
C	126	12	26	38	
C	126	3007803	7116706	86077182	
C	127	12	26	38	
C	127	3083622	7290763	86080833	
C	128	12	26	38	
C	128	3038353	7162809	86281092	
C	129	12	26	38	
C	129	3007151	7105656	86254409	
C	130	12	26	38	
C	130	3060022	7214650	86240904	
C	131	12	26	38	
C	131	3024461	7117247	86187035	
C	132	12	26	38	
C	132	2995846	7056064	86210750	
C	133	12	26	38	
C	133	3043178	7154338	86445376	
C	134	12	26	38	
C	134	3111810	7316871	86430446	
C	135	12	26	38	
C	135	3157656	7430602	86216504	
C	136	12	26	38	
C	136	3158845	7419181	86075743	
C	137	12	26	38	
C	137	3091124	7254171	86086118	
C	138	12	26	38	
C	138	3154627	7411632	86200861	
C	139	12	26	38	
C	139	3251891	7608169	86218544	
C	140	12	26	38	
C	140	3135947	7336280	86092908	
C	141	12	26	38	
C	141	3219290	7565310	86000623	
C	142	12	26	38	
C	142	3402087	7960583	85960506	
C	143	12	26	38	
C	143	3425327	7999736	86058268	
C	144	12	26	38	
C	144	3445790	8057837	86016863	
C	145	12	26	38	
C	145	3485201	8143029	85839938	
C	146	12	26	38	
C	146	3446762	8032108	85770915	
C	147	12	26	38	
C	147	3462536	8078012	85644987	
C	148	12	26	38	
C	148	3524257	8231035	85716568	
C	149	12	26	38	
C	149	3612960	8423868	85761915	
C	150	12	26	38	
C	150	4525347	10547384	85781046	
N	0	3	
N	0	324876	
N	1	3	
N	1	110780	
N	2	3	
N	2	28293	
N	3	
N	3	
N	4	3	
N	4	228	
N	5	3	
N	5	917	
N	6	3	
N	6	45941	
N	7	
N	7	
N	8	
N	8	
N	9	3	
N	9	4830	
N	10	
N	10	
N	11	
N	11	
N	12	
N	12	
N	13	
N	13	
N	14	3	
N	14	2464	
N	15	
N	15	
N	16	
N	16	
N	17	
N	17	
N	18	
N	18	
N	19	3	
N	19	19	
N	20	3	
N	20	42	
N	21	3	
N	21	3	
N	22	
N	22	
N	23	3	
N	23	11009	
N	24	3	
N	24	557	
N	25	3	
N	25	2309	
N	26	
N	26	
N	27	3	
N	27	346	
N	28	3	
N	28	7	
N	29	
N	29	
N	30	
N	30	
N	31	3	
N	31	23931	
N	32	
N	32	
N	33	
N	33	
N	34	3	
N	34	54	
N	35	3	
N	35	5007	
N	36	
N	36	
N	37	
N	37	
N	38	
N	38	
N	39	3	
N	39	3384	
N	40	3	
N	40	266	
N	41	3	
N	41	54	
N	42	3	
N	42	30	
N	43	
N	43	
N	44	
N	44	
N	45	3	
N	45	491	
N	46	3	
N	46	2186	
N	47	
N	47	
N	48	3	
N	48	1023	
N	49	3	
N	49	14309	
N	50	3	
N	50	941	
N	51	3	
N	51	5158	
N	52	3	
N	52	575	
N	53	
N	53	
N	54	3	
N	54	600	
N	55	3	
N	55	6797	
N	56	3	
N	56	368	
N	57	
N	57	
N	58	
N	58	
N	59	3	
N	59	2624	
N	60	3	
N	60	36301	
N	61	3	
N	61	54	
N	62	3	
N	62	4671	
N	63	3	
N	63	1366	
N	64	
N	64	
N	65	3	
N	65	256	
N	66	3	
N	66	51551	
N	67	3	
N	67	1873	
N	68	3	
N	68	52109	
N	69	
N	69	
N	70	3	
N	70	8696	
N	71	3	
N	71	8020	
N	72	3	
N	72	5	
N	73	
N	73	
N	74	
N	74	
N	75	3	
N	75	127	
N	76	3	
N	76	199759	
N	77	
N	77	
N	78	3	
N	78	31026	
N	79	3	
N	79	15130	
N	80	3	
N	80	140	
N	81	3	
N	81	5215	
N	82	3	
N	82	136729	
N	83	
N	83	
N	84	
N	84	
N	85	3	
N	85	410	
N	86	3	
N	86	11800	
N	87	3	
N	87	34652	
N	88	
N	88	
N	89	3	
N	89	88448	
N	90	
N	90	
N	91	3	
N	91	41144	
N	92	
N	92	
N	93	3	
N	93	710	
N	94	3	
N	94	4172	
N	95	3	
N	95	14985	
N	96	3	
N	96	444	
N	97	3	
N	97	4301	
N	98	
N	98	
N	99	3	
N	99	1308	
N	100	3	
N	100	93599	
N	101	
N	101	
N	102	3	
N	102	49392	
N	103	3	
N	103	7803	
N	104	
N	104	
N	105	3	
N	105	95524	
N	106	
N	106	
N	107	3	
N	107	1208	
N	108	3	
N	108	34501	
N	109	
N	109	
N	110	3	
N	110	16917	
N	111	3	
N	111	7401	
N	112	3	
N	112	11698	
N	113	3	
N	113	2085	
N	114	3	
N	114	3488	
N	115	
N	115	
N	116	
N	116	
N	117	3	
N	117	2613	
N	118	3	
N	118	1430	
N	119	
N	119	
N	120	
N	120	
N	121	
N	121	
N	122	3	
N	122	1674	
N	123	3	
N	123	3	
N	124	
N	124	
N	125	
N	125	
N	126	
N	126	
N	127	3	
N	127	134	
N	128	3	
N	128	526	
N	129	3	
N	129	200755	
N	130	3	
N	130	87502	
N	131	3	
N	131	62	
N	132	
N	132	
N	133	3	
N	133	24	
N	134	3	
N	134	3	
N	135	
N	135	
N	136	3	
N	136	70822	
N	137	
N	137	
N	138	3	
N	138	147	
N	139	3	
N	139	269	
N	140	3	
N	140	4328	
N	141	3	
N	141	68	
N	142	3	
N	142	17030	
N	143	3	
N	143	2750	
N	144	
N	144	
N	145	
N	145	
N	146	
N	146	
N	147	
N	147	
N	148	
N	148	
N	149	3	
N	149	62	
N	150	3	
N	150	13559	
