.	0	3	12	26	38	
.	0	285441	12150996	31593020	415086209	
.	1	3	12	26	38	
.	1	50631	10514112	29375109	415086209	
.	2	3	12	26	38	
.	2	8815	9675461	26235528	415086209	
.	3	3	12	26	38	
.	3	310	9704471	26405819	415086209	
.	4	3	12	26	38	
.	4	33611	9370285	25240999	415086209	
.	5	3	12	26	38	
.	5	18262	9062637	24380648	415086209	
.	6	3	12	26	38	
.	6	11062	9170455	24666026	415086209	
.	7	12	26	38	
.	7	9182609	24595043	415086209	
.	8	3	12	26	38	
.	8	52	9411840	25256506	415086209	
.	9	3	12	26	38	
.	9	100551	9383556	24980884	415086209	
.	10	3	12	26	38	
.	10	92415	9291832	24738268	415086209	
.	11	3	12	26	38	
.	11	50280	9273880	24732586	415086209	
.	12	3	12	26	38	
.	12	2082	9220777	24612904	415086209	
.	13	3	12	26	38	
.	13	96	9538063	25475769	415086209	
.	14	12	26	38	
.	14	9594247	25543752	415086209	
.	15	12	26	38	
.	15	9446732	25163133	415086209	
.	16	3	12	26	38	
.	16	96	9551851	25413364	415086209	
.	17	3	12	26	38	
.	17	863	9487594	25246757	415086209	
.	18	3	12	26	38	
.	18	1245	9597371	25512821	415086209	
.	19	12	26	38	
.	19	9551398	25321432	415086209	
.	20	3	12	26	38	
.	20	146	9710883	25726461	415086209	
.	21	3	12	26	38	
.	21	34620	9828463	25928892	415086209	
.	22	3	12	26	38	
.	22	2792	10084054	26648690	415086209	
.	23	3	12	26	38	
.	23	74	10066157	26532464	415086209	
.	24	3	12	26	38	
.	24	12931	10270206	26975855	415086209	
.	25	3	12	26	38	
.	25	65426	10487402	27454310	415086209	
.	26	3	12	26	38	
.	26	7032	10454610	27352222	415086209	
.	27	12	26	38	
.	27	10450369	27279230	415086209	
.	28	3	12	26	38	
.	28	124	10661765	27801941	415086209	
.	29	3	12	26	38	
.	29	66739	10777989	27918974	415086209	
.	30	12	26	38	
.	30	10726007	27832223	415086209	
.	31	12	26	38	
.	31	10937482	28300769	415086209	
.	32	12	26	38	
.	32	11161405	28795625	415086209	
.	33	12	26	38	
.	33	11360724	29244341	415086209	
.	34	12	26	38	
.	34	11426721	29346985	415086209	
.	35	3	12	26	38	
.	35	89	11519215	29506426	415086209	
.	36	3	12	26	38	
.	36	1386	11481771	29345726	415086209	
.	37	3	12	26	38	
.	37	6360	11706947	29867552	415086209	
.	38	3	12	26	38	
.	38	385	11755685	29958815	415086209	
.	39	12	26	38	
.	39	11696253	29754040	415086209	
.	40	3	12	26	38	
.	40	33570	11779247	29882915	415086209	
.	41	12	26	38	
.	41	11821249	29947077	415086209	
.	42	12	26	38	
.	42	12116443	30662789	415086209	
.	43	3	12	26	38	
.	43	70555	12234953	30744245	415086209	
.	44	3	12	26	38	
.	44	1306	12269070	30908387	415086209	
.	45	3	12	26	38	
.	45	1479	12358861	31123838	415086209	
.	46	3	12	26	38	
.	46	6825	12684055	31771991	415086209	
.	47	3	12	26	38	
.	47	18	12765899	31989743	415086209	
.	48	3	12	26	38	
.	48	962	12829445	32108596	415086209	
.	49	3	12	26	38	
.	49	8233	12901684	32211310	415086209	
.	50	3	12	26	38	
.	50	5672	13314174	33186353	415086209	
.	51	12	26	38	
.	51	13196091	32797156	415086209	
.	52	3	12	26	38	
.	52	956	13227886	32833864	415086209	
.	53	3	12	26	38	
.	53	57376	13444186	33232659	415086209	
.	54	12	26	38	
.	54	13305509	32958021	415086209	
.	55	3	12	26	38	
.	55	44895	13395516	33125107	415086209	
.	56	3	12	26	38	
.	56	7046	13472938	33330720	415086209	
.	57	12	26	38	
.	57	13718621	33850767	415086209	
.	58	3	12	26	38	
.	58	28732	13843165	34045661	415086209	
.	59	12	26	38	
.	59	14068459	34564533	415086209	
.	60	12	26	38	
.	60	13929950	34185935	415086209	
.	61	12	26	38	
.	61	14072109	34514696	415086209	
.	62	3	12	26	38	
.	62	241	14149811	34600368	415086209	
.	63	3	12	26	38	
.	63	122	14385844	35177208	415086209	
.	64	3	12	26	38	
.	64	346	14522680	35415665	415086209	
.	65	3	12	26	38	
.	65	1531	14462344	35209395	415086209	
.	66	12	26	38	
.	66	14253190	34706809	415086209	
.	67	3	12	26	38	
.	67	256	14750810	35806605	415086209	
.	68	3	12	26	38	
.	68	4197	15096881	36530017	415086209	
.	69	3	12	26	38	
.	69	361	14940777	36126908	415086209	
.	70	12	26	38	
.	70	15045678	36398063	415086209	
.	71	12	26	38	
.	71	15058407	36320234	415086209	
.	72	3	12	26	38	
.	72	390	15311212	36900397	415086209	
.	73	12	26	38	
.	73	15598730	37515286	415086209	
.	74	12	26	38	
.	74	16142555	38650786	415086209	
.	75	3	12	26	38	
.	75	148	16101991	38556011	415086209	
.	76	3	12	26	38	
.	76	168	15689146	37645245	415086209	
.	77	3	12	26	38	
.	77	124	15663307	37552648	415086209	
.	78	3	12	26	38	
.	78	6	15941291	38095706	415086209	
.	79	12	26	38	
.	79	16233256	38744422	415086209	
.	80	3	12	26	38	
.	80	3396	16413094	39032599	415086209	
.	81	3	12	26	38	
.	81	215	16827881	39944438	415086209	
.	82	12	26	38	
.	82	16733252	39651818	415086209	
.	83	3	12	26	38	
.	83	182	16413865	38915007	415086209	
.	84	3	12	26	38	
.	84	317	16300545	38698946	415086209	
.	85	3	12	26	38	
.	85	2602	17079927	40393616	415086209	
.	86	3	12	26	38	
.	86	42	17406154	41059634	415086209	
.	87	3	12	26	38	
.	87	337	16969654	40051475	415086209	
.	88	3	12	26	38	
.	88	246	17192752	40589987	415086209	
.	89	3	12	26	38	
.	89	7975	17673710	41511241	415086209	
.	90	3	12	26	38	
.	90	76	18272970	42819635	415086209	
.	91	3	12	26	38	
.	91	866	17955523	42038724	415086209	
.	92	3	12	26	38	
.	92	706	17481069	41040724	415086209	
.	93	3	12	26	38	
.	93	877	17882089	41839196	415086209	
.	94	3	12	26	38	
.	94	42214	18072062	42111120	415086209	
.	95	3	12	26	38	
.	95	78	17680317	41358828	415086209	
.	96	3	12	26	38	
.	96	7404	18272412	42671042	415086209	
.	97	3	12	26	38	
.	97	1095	19330937	44910516	415086209	
.	98	3	12	26	38	
.	98	9	18778874	43604028	415086209	
.	99	3	12	26	38	
.	99	92	18769449	43628979	415086209	
.	100	3	12	26	38	
.	100	1434	18749154	43511721	415086209	
.	101	3	12	26	38	
.	101	28	18916992	43907084	415086209	
.	102	3	12	26	38	
.	102	41	19157710	44335913	415086209	
.	103	3	12	26	38	
.	103	216	19158183	44375854	415086209	
.	104	12	26	38	
.	104	20026713	46121944	415086209	
.	105	3	12	26	38	
.	105	134	20604983	47333875	415086209	
.	106	3	12	26	38	
.	106	954	19862336	45678276	415086209	
.	107	12	26	38	
.	107	20190295	46437989	415086209	
.	108	3	12	26	38	
.	108	74	20394394	46805717	415086209	
.	109	3	12	26	38	
.	109	15	20192071	46368392	415086209	
.	110	3	12	26	38	
.	110	1395	20548374	47032581	415086209	
.	111	3	12	26	38	
.	111	1116	21436579	48942476	415086209	
.	112	3	12	26	38	
.	112	3114	21542949	49157644	415086209	
.	113	3	12	26	38	
.	113	683	21844401	49640797	415086209	
.	114	3	12	26	38	
.	114	5201	21984081	49890557	415086209	
.	115	3	12	26	38	
.	115	16713	21913136	49768869	415086209	
.	116	12	26	38	
.	116	21982958	49894285	415086209	
.	117	3	12	26	38	
.	117	558	21808817	49515682	415086209	
.	118	3	12	26	38	
.	118	12	22148586	50221367	415086209	
.	119	3	12	26	38	
.	119	615	22172253	50178244	415086209	
.	120	12	26	38	
.	120	21816582	49488045	415086209	
.	121	3	12	26	38	
.	121	307	22306100	50511066	415086209	
.	122	3	12	26	38	
.	122	123	22876462	51599518	415086209	
.	123	3	12	26	38	
.	123	1088	23217295	52280053	415086209	
.	124	12	26	38	
.	124	23489710	52903388	415086209	
.	125	12	26	38	
.	125	22738561	51186165	415086209	
.	126	3	12	26	38	
.	126	184	23125036	52006149	415086209	
.	127	3	12	26	38	
.	127	523	23065440	51819106	415086209	
.	128	3	12	26	38	
.	128	1180	23156163	52041325	415086209	
.	129	3	12	26	38	
.	129	41	24099441	53816701	415086209	
.	130	3	12	26	38	
.	130	864	23711212	53145475	415086209	
.	131	12	26	38	
.	131	24459850	54724836	415086209	
.	132	3	12	26	38	
.	132	259	24678718	54952481	415086209	
.	133	3	12	26	38	
.	133	500	24589837	54887980	415086209	
.	134	3	12	26	38	
.	134	5532	25708695	57048543	415086209	
.	135	3	12	26	38	
.	135	839	25830517	57241676	415086209	
.	136	3	12	26	38	
.	136	2870	25914397	57424691	415086209	
.	137	3	12	26	38	
.	137	841	25549776	56710324	415086209	
.	138	3	12	26	38	
.	138	71	25840615	57290055	415086209	
.	139	3	12	26	38	
.	139	155	26042260	57643069	415086209	
.	140	3	12	26	38	
.	140	93	26111794	57765543	415086209	
.	141	3	12	26	38	
.	141	133	25955699	57409426	415086209	
.	142	3	12	26	38	
.	142	163	26120934	57808452	415086209	
.	143	3	12	26	38	
.	143	215	28166413	61759219	415086209	
.	144	12	26	38	
.	144	29303166	63893008	415086209	
.	145	3	12	26	38	
.	145	600	29685674	64576702	415086209	
.	146	3	12	26	38	
.	146	228	28078248	61363916	415086209	
.	147	3	12	26	38	
.	147	610	26716234	58777108	415086209	
.	148	3	12	26	38	
.	148	8936	26663288	58784844	415086209	
.	149	3	12	26	38	
.	149	4839	28033756	61499767	415086209	
.	150	12	26	38	
.	150	35561461	76939603	415086209	
A	0	12	26	38	
A	0	2728827	7536909	134572252	
A	1	12	26	38	
A	1	3194109	10134850	132538920	
A	2	12	26	38	
A	2	2771001	8540110	128114855	
A	3	12	26	38	
A	3	2874254	8933467	124602456	
A	4	12	26	38	
A	4	2677206	8153593	125205743	
A	5	12	26	38	
A	5	2584109	7833004	124637154	
A	6	12	26	38	
A	6	2636283	7983671	125192283	
A	7	12	26	38	
A	7	2628233	7879147	123257737	
A	8	12	26	38	
A	8	2675698	8021666	122662802	
A	9	12	26	38	
A	9	2663218	7980167	123583254	
A	10	12	26	38	
A	10	2647071	7907234	124328316	
A	11	12	26	38	
A	11	2660198	7902365	124356124	
A	12	12	26	38	
A	12	2659257	7861812	124356242	
A	13	12	26	38	
A	13	2765295	8151718	124053487	
A	14	12	26	38	
A	14	2792637	8185055	124227291	
A	15	12	26	38	
A	15	2739788	8023219	123879287	
A	16	12	26	38	
A	16	2794676	8138253	124019448	
A	17	12	26	38	
A	17	2765887	8042191	123333250	
A	18	12	26	38	
A	18	2806409	8143234	122993193	
A	19	12	26	38	
A	19	2788247	8047512	123189380	
A	20	12	26	38	
A	20	2853032	8216035	123395565	
A	21	12	26	38	
A	21	2866771	8211860	123147472	
A	22	12	26	38	
A	22	2967878	8494543	123302230	
A	23	12	26	38	
A	23	2951789	8409367	122982828	
A	24	12	26	38	
A	24	3008614	8542245	123170476	
A	25	12	26	38	
A	25	3075453	8710666	123272672	
A	26	12	26	38	
A	26	3072515	8656107	123078827	
A	27	12	26	38	
A	27	3079862	8638342	123236063	
A	28	12	26	38	
A	28	3136049	8780605	122877779	
A	29	12	26	38	
A	29	3150055	8780117	122543799	
A	30	12	26	38	
A	30	3151252	8783929	122886747	
A	31	12	26	38	
A	31	3234420	8974485	122965655	
A	32	12	26	38	
A	32	3299471	9117290	123060095	
A	33	12	26	38	
A	33	3369960	9292435	122956821	
A	34	12	26	38	
A	34	3393642	9312546	122412586	
A	35	12	26	38	
A	35	3411212	9334944	122872366	
A	36	12	26	38	
A	36	3411685	9309295	122918311	
A	37	12	26	38	
A	37	3485634	9482447	122581502	
A	38	12	26	38	
A	38	3495946	9504615	122574271	
A	39	12	26	38	
A	39	3479254	9435692	122476475	
A	40	12	26	38	
A	40	3502678	9485004	122933390	
A	41	12	26	38	
A	41	3529798	9518940	122937204	
A	42	12	26	38	
A	42	3630869	9771888	122495535	
A	43	12	26	38	
A	43	3633772	9731466	122200041	
A	44	12	26	38	
A	44	3661097	9803221	122204607	
A	45	12	26	38	
A	45	3712583	9928534	122680348	
A	46	12	26	38	
A	46	3819428	10129673	122739367	
A	47	12	26	38	
A	47	3847251	10206944	122261674	
A	48	12	26	38	
A	48	3875171	10257717	122289632	
A	49	12	26	38	
A	49	3900170	10298649	122498894	
A	50	12	26	38	
A	50	4052149	10652582	122649981	
A	51	12	26	38	
A	51	3996495	10478693	122652112	
A	52	12	26	38	
A	52	4000816	10476263	122454672	
A	53	12	26	38	
A	53	4043072	10567835	122065574	
A	54	12	26	38	
A	54	4008826	10482446	122306297	
A	55	12	26	38	
A	55	4026652	10541332	122475594	
A	56	12	26	38	
A	56	4076410	10644699	122608425	
A	57	12	26	38	
A	57	4168474	10839400	122555985	
A	58	12	26	38	
A	58	4192219	10869187	122267323	
A	59	12	26	38	
A	59	4276788	11056155	122262718	
A	60	12	26	38	
A	60	4231248	10926737	122433757	
A	61	12	26	38	
A	61	4275301	11033261	122310599	
A	62	12	26	38	
A	62	4300423	11058236	122363039	
A	63	12	26	38	
A	63	4385518	11278906	122295550	
A	64	12	26	38	
A	64	4428451	11344252	122194710	
A	65	12	26	38	
A	65	4405711	11274171	122460706	
A	66	12	26	38	
A	66	4331450	11099496	122375800	
A	67	12	26	38	
A	67	4521365	11512383	122419541	
A	68	12	26	38	
A	68	4607039	11677826	122106719	
A	69	12	26	38	
A	69	4563305	11568783	122117118	
A	70	12	26	38	
A	70	4621277	11733286	122467470	
A	71	12	26	38	
A	71	4621220	11683545	122480358	
A	72	12	26	38	
A	72	4699408	11862734	122403229	
A	73	12	26	38	
A	73	4812635	12090235	122321347	
A	74	12	26	38	
A	74	5000200	12469859	122083793	
A	75	12	26	38	
A	75	4974774	12432284	122459146	
A	76	12	26	38	
A	76	4842479	12168095	122676246	
A	77	12	26	38	
A	77	4832552	12115637	122414092	
A	78	12	26	38	
A	78	4916861	12276578	122336171	
A	79	12	26	38	
A	79	5029075	12516914	122262289	
A	80	12	26	38	
A	80	5081879	12582372	122536373	
A	81	12	26	38	
A	81	5244038	12934984	122705425	
A	82	12	26	38	
A	82	5202016	12804875	122510953	
A	83	12	26	38	
A	83	5068331	12519383	122210398	
A	84	12	26	38	
A	84	5055946	12501696	122306139	
A	85	12	26	38	
A	85	5329210	13086982	122447792	
A	86	12	26	38	
A	86	5453831	13332476	122576684	
A	87	12	26	38	
A	87	5270163	12927870	122310332	
A	88	12	26	38	
A	88	5364832	13137707	122198440	
A	89	12	26	38	
A	89	5516475	13417285	122169318	
A	90	12	26	38	
A	90	5748937	13903767	122264459	
A	91	12	26	38	
A	91	5616336	13606189	122342105	
A	92	12	26	38	
A	92	5469746	13321561	122250159	
A	93	12	26	38	
A	93	5604540	13569080	122047574	
A	94	12	26	38	
A	94	5662828	13660006	122181707	
A	95	12	26	38	
A	95	5534480	13415082	122369185	
A	96	12	26	38	
A	96	5753656	13880312	122411016	
A	97	12	26	38	
A	97	6126463	14647592	122295128	
A	98	12	26	38	
A	98	5909186	14153711	122173785	
A	99	12	26	38	
A	99	5915662	14188941	122051208	
A	100	12	26	38	
A	100	5920942	14180076	122273750	
A	101	12	26	38	
A	101	5993548	14332548	122299363	
A	102	12	26	38	
A	102	6040553	14411312	122277816	
A	103	12	26	38	
A	103	6060748	14458476	122123135	
A	104	12	26	38	
A	104	6356048	15025987	122176303	
A	105	12	26	38	
A	105	6561154	15446596	122495180	
A	106	12	26	38	
A	106	6311589	14925020	122557041	
A	107	12	26	38	
A	107	6455648	15231160	122532561	
A	108	12	26	38	
A	108	6491324	15286205	122339382	
A	109	12	26	38	
A	109	6418135	15143267	122395041	
A	110	12	26	38	
A	110	6566079	15413586	122531888	
A	111	12	26	38	
A	111	6880228	16081425	122690940	
A	112	12	26	38	
A	112	6926683	16157542	122573479	
A	113	12	26	38	
A	113	7002988	16237475	122356767	
A	114	12	26	38	
A	114	7038680	16312679	122352011	
A	115	12	26	38	
A	115	7067245	16393589	122495394	
A	116	12	26	38	
A	116	7088938	16419671	122604905	
A	117	12	26	38	
A	117	7005824	16272388	122569661	
A	118	12	26	38	
A	118	7136973	16522589	122498811	
A	119	12	26	38	
A	119	7129670	16463744	122388715	
A	120	12	26	38	
A	120	7042698	16331441	122557723	
A	121	12	26	38	
A	121	7224346	16690296	122781932	
A	122	12	26	38	
A	122	7389467	16971391	122516196	
A	123	12	26	38	
A	123	7501561	17193937	122332636	
A	124	12	26	38	
A	124	7597523	17398812	122423695	
A	125	12	26	38	
A	125	7354813	16867084	122584663	
A	126	12	26	38	
A	126	7526468	17222620	122644578	
A	127	12	26	38	
A	127	7476242	17119473	122652952	
A	128	12	26	38	
A	128	7518713	17204242	122401411	
A	129	12	26	38	
A	129	7811776	17706399	122374661	
A	130	12	26	38	
A	130	7731273	17622472	122676822	
A	131	12	26	38	
A	131	8015547	18164469	122667979	
A	132	12	26	38	
A	132	8029336	18130153	122494844	
A	133	12	26	38	
A	133	8038308	18175848	122337826	
A	134	12	26	38	
A	134	8393200	18812020	122376331	
A	135	12	26	38	
A	135	8471587	18963833	122640236	
A	136	12	26	38	
A	136	8511795	19049075	122725103	
A	137	12	26	38	
A	137	8403232	18850041	122529391	
A	138	12	26	38	
A	138	8489379	19017401	122383170	
A	139	12	26	38	
A	139	8537846	19082761	122411333	
A	140	12	26	38	
A	140	8601880	19229467	122579187	
A	141	12	26	38	
A	141	8560432	19148858	122680610	
A	142	12	26	38	
A	142	8635544	19298055	122562115	
A	143	12	26	38	
A	143	9295313	20448697	122314313	
A	144	12	26	38	
A	144	9697153	21149716	122411830	
A	145	12	26	38	
A	145	9832855	21395840	122717979	
A	146	12	26	38	
A	146	9305214	20422397	122690981	
A	147	12	26	38	
A	147	8849555	19640918	122646488	
A	148	12	26	38	
A	148	8871497	19739274	122535729	
A	149	12	26	38	
A	149	9343950	20579677	122461207	
A	150	12	26	38	
A	150	12087814	25595585	122080369	
T	0	12	26	38	
T	0	3371971	9196312	113708448	
T	1	12	26	38	
T	1	3158479	8673404	121564310	
T	2	12	26	38	
T	2	3294246	8730399	124072179	
T	3	12	26	38	
T	3	3268810	8643426	121725134	
T	4	12	26	38	
T	4	3164941	8396491	120948895	
T	5	12	26	38	
T	5	3074578	8150912	120323656	
T	6	12	26	38	
T	6	3116502	8261759	120602026	
T	7	12	26	38	
T	7	3175681	8406533	123861475	
T	8	12	26	38	
T	8	3299639	8774804	124050617	
T	9	12	26	38	
T	9	3206616	8511439	122672067	
T	10	12	26	38	
T	10	3183684	8448621	122613363	
T	11	12	26	38	
T	11	3206045	8520481	122996409	
T	12	12	26	38	
T	12	3219311	8529910	123959263	
T	13	12	26	38	
T	13	3328711	8823078	123653360	
T	14	12	26	38	
T	14	3338744	8837982	123246114	
T	15	12	26	38	
T	15	3290484	8709561	123287446	
T	16	12	26	38	
T	16	3316813	8782536	123279892	
T	17	12	26	38	
T	17	3283605	8706251	123510817	
T	18	12	26	38	
T	18	3331695	8817796	123430667	
T	19	12	26	38	
T	19	3300875	8724423	122879259	
T	20	12	26	38	
T	20	3339995	8832124	122736725	
T	21	12	26	38	
T	21	3372134	8912855	122690605	
T	22	12	26	38	
T	22	3471053	9158313	122786595	
T	23	12	26	38	
T	23	3457302	9103036	122216367	
T	24	12	26	38	
T	24	3519388	9253615	122136070	
T	25	12	26	38	
T	25	3556685	9357087	121771864	
T	26	12	26	38	
T	26	3566113	9349853	121699374	
T	27	12	26	38	
T	27	3556111	9305608	121628014	
T	28	12	26	38	
T	28	3626553	9480511	121681638	
T	29	12	26	38	
T	29	3645377	9503497	121598702	
T	30	12	26	38	
T	30	3629785	9456447	121246298	
T	31	12	26	38	
T	31	3692174	9582044	121323019	
T	32	12	26	38	
T	32	3760606	9739557	121335279	
T	33	12	26	38	
T	33	3833759	9892448	121347000	
T	34	12	26	38	
T	34	3847934	9903834	121202886	
T	35	12	26	38	
T	35	3870336	9958597	120955710	
T	36	12	26	38	
T	36	3834097	9858142	121048676	
T	37	12	26	38	
T	37	3900606	10020506	121151556	
T	38	12	26	38	
T	38	3919517	10041608	121027918	
T	39	12	26	38	
T	39	3889592	9951990	120782539	
T	40	12	26	38	
T	40	3889690	9951265	120379787	
T	41	12	26	38	
T	41	3903985	9966856	120594666	
T	42	12	26	38	
T	42	4026094	10251624	121164994	
T	43	12	26	38	
T	43	4031721	10235425	120949025	
T	44	12	26	38	
T	44	4069610	10310219	120760413	
T	45	12	26	38	
T	45	4068775	10302021	120491854	
T	46	12	26	38	
T	46	4176146	10521985	120519079	
T	47	12	26	38	
T	47	4217796	10620212	120830443	
T	48	12	26	38	
T	48	4219130	10623007	120577994	
T	49	12	26	38	
T	49	4216739	10594804	120221776	
T	50	12	26	38	
T	50	4353966	10911760	120301634	
T	51	12	26	38	
T	51	4305071	10785119	120404491	
T	52	12	26	38	
T	52	4313485	10790170	120778433	
T	53	12	26	38	
T	53	4374338	10915058	120708971	
T	54	12	26	38	
T	54	4330534	10811831	120267098	
T	55	12	26	38	
T	55	4331693	10825363	120172753	
T	56	12	26	38	
T	56	4368465	10906301	120268821	
T	57	12	26	38	
T	57	4447467	11064537	120517306	
T	58	12	26	38	
T	58	4467782	11097472	120315400	
T	59	12	26	38	
T	59	4532299	11218278	120056876	
T	60	12	26	38	
T	60	4479416	11090455	120006816	
T	61	12	26	38	
T	61	4529816	11210238	120396147	
T	62	12	26	38	
T	62	4548574	11229323	120566306	
T	63	12	26	38	
T	63	4608822	11379646	120311927	
T	64	12	26	38	
T	64	4646479	11430996	120145394	
T	65	12	26	38	
T	65	4637997	11399839	119980157	
T	66	12	26	38	
T	66	4548767	11201265	120170484	
T	67	12	26	38	
T	67	4711932	11545358	120326183	
T	68	12	26	38	
T	68	4830706	11797421	120291050	
T	69	12	26	38	
T	69	4773153	11659268	120040343	
T	70	12	26	38	
T	70	4776742	11658304	119776363	
T	71	12	26	38	
T	71	4783329	11657279	120002267	
T	72	12	26	38	
T	72	4877609	11870180	120265762	
T	73	12	26	38	
T	73	4952851	12016334	120210834	
T	74	12	26	38	
T	74	5118792	12341500	120103076	
T	75	12	26	38	
T	75	5110234	12343109	119926027	
T	76	12	26	38	
T	76	4983247	12081931	120024531	
T	77	12	26	38	
T	77	4962232	12027561	120264544	
T	78	12	26	38	
T	78	5038169	12158734	119946290	
T	79	12	26	38	
T	79	5107299	12298787	119691652	
T	80	12	26	38	
T	80	5165823	12400546	119758433	
T	81	12	26	38	
T	81	5307011	12690865	119876474	
T	82	12	26	38	
T	82	5272678	12603308	120170605	
T	83	12	26	38	
T	83	5167804	12392984	120017271	
T	84	12	26	38	
T	84	5097862	12251436	119844210	
T	85	12	26	38	
T	85	5341636	12744972	119878411	
T	86	12	26	38	
T	86	5465518	12999358	119980631	
T	87	12	26	38	
T	87	5339275	12739524	120074962	
T	88	12	26	38	
T	88	5365081	12802049	119929190	
T	89	12	26	38	
T	89	5521885	13087597	119742624	
T	90	12	26	38	
T	90	5706838	13457143	119737408	
T	91	12	26	38	
T	91	5620124	13285785	119880081	
T	92	12	26	38	
T	92	5452350	12944136	120127992	
T	93	12	26	38	
T	93	5550873	13116915	119885399	
T	94	12	26	38	
T	94	5587886	13172909	119669555	
T	95	12	26	38	
T	95	5486705	12988756	119612130	
T	96	12	26	38	
T	96	5658763	13357231	119754337	
T	97	12	26	38	
T	97	6002430	14039475	119863933	
T	98	12	26	38	
T	98	5827856	13656546	119794241	
T	99	12	26	38	
T	99	5793470	13602290	119649544	
T	100	12	26	38	
T	100	5779396	13557066	119440840	
T	101	12	26	38	
T	101	5826872	13657914	119712201	
T	102	12	26	38	
T	102	5930721	13866280	119812637	
T	103	12	26	38	
T	103	5888403	13781374	119712029	
T	104	12	26	38	
T	104	6158392	14280177	119480876	
T	105	12	26	38	
T	105	6328203	14622488	119352440	
T	106	12	26	38	
T	106	6099385	14167191	119620090	
T	107	12	26	38	
T	107	6178582	14333486	119709387	
T	108	12	26	38	
T	108	6268367	14488621	119526179	
T	109	12	26	38	
T	109	6184759	14328346	119482548	
T	110	12	26	38	
T	110	6247718	14421314	119284166	
T	111	12	26	38	
T	111	6566797	15070906	119383981	
T	112	12	26	38	
T	112	6594539	15132779	119570986	
T	113	12	26	38	
T	113	6673781	15242194	119607823	
T	114	12	26	38	
T	114	6703745	15287342	119370237	
T	115	12	26	38	
T	115	6637264	15169833	119321447	
T	116	12	26	38	
T	116	6685038	15262219	119380238	
T	117	12	26	38	
T	117	6659569	15237990	119627939	
T	118	12	26	38	
T	118	6703309	15311048	119439732	
T	119	12	26	38	
T	119	6722456	15318626	119306278	
T	120	12	26	38	
T	120	6594839	15096040	119170457	
T	121	12	26	38	
T	121	6750745	15400847	119337323	
T	122	12	26	38	
T	122	6927305	15718853	119578358	
T	123	12	26	38	
T	123	7035349	15926856	119421095	
T	124	12	26	38	
T	124	7116113	16103263	119246638	
T	125	12	26	38	
T	125	6852661	15559906	119236871	
T	126	12	26	38	
T	126	6936791	15720839	119272902	
T	127	12	26	38	
T	127	6963245	15775452	119413652	
T	128	12	26	38	
T	128	6929183	15702952	119316518	
T	129	12	26	38	
T	129	7214321	16207214	119100485	
T	130	12	26	38	
T	130	7090005	16022732	118972563	
T	131	12	26	38	
T	131	7306233	16454777	119093506	
T	132	12	26	38	
T	132	7422981	16615979	119232789	
T	133	12	26	38	
T	133	7325296	16456416	119157723	
T	134	12	26	38	
T	134	7666724	17086455	118967254	
T	135	12	26	38	
T	135	7656440	17033656	118945042	
T	136	12	26	38	
T	136	7718316	17176155	119083870	
T	137	12	26	38	
T	137	7607979	16993015	119290020	
T	138	12	26	38	
T	138	7676497	17112091	119171291	
T	139	12	26	38	
T	139	7724987	17213957	119061850	
T	140	12	26	38	
T	140	7707257	17166888	119020215	
T	141	12	26	38	
T	141	7688970	17138003	119152569	
T	142	12	26	38	
T	142	7722372	17220694	119290207	
T	143	12	26	38	
T	143	8287517	18214361	119099933	
T	144	12	26	38	
T	144	8598601	18762634	118813242	
T	145	12	26	38	
T	145	8728885	18963100	118818694	
T	146	12	26	38	
T	146	8257203	18112323	119121168	
T	147	12	26	38	
T	147	7874883	17482041	119321181	
T	148	12	26	38	
T	148	7798475	17360192	119282150	
T	149	12	26	38	
T	149	8172889	18052550	119082729	
T	150	12	26	38	
T	150	10067321	21912538	118218598	
G	0	12	26	38	
G	0	3975835	10153678	81418390	
G	1	12	26	38	
G	1	2255262	5556520	85881408	
G	2	12	26	38	
G	2	2084655	5028639	83285722	
G	3	12	26	38	
G	3	2092616	5029030	86812675	
G	4	12	26	38	
G	4	2081231	4999989	86596624	
G	5	12	26	38	
G	5	2013988	4819380	86457644	
G	6	12	26	38	
G	6	2053580	4895706	86334536	
G	7	12	26	38	
G	7	1997110	4717358	83683318	
G	8	12	26	38	
G	8	2061801	4888992	84302921	
G	9	12	26	38	
G	9	2044380	4829641	84737977	
G	10	12	26	38	
G	10	2016676	4767176	84621745	
G	11	12	26	38	
G	11	2000352	4725168	83988518	
G	12	12	26	38	
G	12	1969683	4654952	83421568	
G	13	12	26	38	
G	13	2039273	4844936	83722120	
G	14	12	26	38	
G	14	2041107	4839301	83968594	
G	15	12	26	38	
G	15	2001368	4751789	83964389	
G	16	12	26	38	
G	16	2006439	4776689	84021460	
G	17	12	26	38	
G	17	1989849	4746908	83867265	
G	18	12	26	38	
G	18	2007086	4787988	84094146	
G	19	12	26	38	
G	19	2002662	4773463	84402032	
G	20	12	26	38	
G	20	2033651	4848190	84510964	
G	21	12	26	38	
G	21	2050561	4890051	84587777	
G	22	12	26	38	
G	22	2108476	5039609	84577273	
G	23	12	26	38	
G	23	2111748	5031557	85001094	
G	24	12	26	38	
G	24	2153719	5117126	84938314	
G	25	12	26	38	
G	25	2189082	5211732	85305194	
G	26	12	26	38	
G	26	2191174	5196036	85283267	
G	27	12	26	38	
G	27	2183113	5160064	85322197	
G	28	12	26	38	
G	28	2241184	5302540	85578073	
G	29	12	26	38	
G	29	2246561	5317197	85730357	
G	30	12	26	38	
G	30	2262514	5322814	85961386	
G	31	12	26	38	
G	31	2291654	5390358	85829250	
G	32	12	26	38	
G	32	2346221	5511971	85803082	
G	33	12	26	38	
G	33	2380287	5584426	85856003	
G	34	12	26	38	
G	34	2383933	5598574	86047325	
G	35	12	26	38	
G	35	2416742	5650398	86013191	
G	36	12	26	38	
G	36	2405879	5603108	85958934	
G	37	12	26	38	
G	37	2450778	5713925	86079928	
G	38	12	26	38	
G	38	2469162	5753058	86204458	
G	39	12	26	38	
G	39	2452698	5706443	86432139	
G	40	12	26	38	
G	40	2467560	5732154	86461525	
G	41	12	26	38	
G	41	2472590	5729017	86210940	
G	42	12	26	38	
G	42	2514639	5831999	86077585	
G	43	12	26	38	
G	43	2530887	5853516	86193578	
G	44	12	26	38	
G	44	2556593	5910126	86249577	
G	45	12	26	38	
G	45	2571940	5944353	86364739	
G	46	12	26	38	
G	46	2631897	6073835	86368509	
G	47	12	26	38	
G	47	2644673	6116112	86320104	
G	48	12	26	38	
G	48	2655070	6121783	86375618	
G	49	12	26	38	
G	49	2669358	6143075	86496137	
G	50	12	26	38	
G	50	2752810	6351708	86364557	
G	51	12	26	38	
G	51	2733659	6258889	86456626	
G	52	12	26	38	
G	52	2742378	6273187	86208407	
G	53	12	26	38	
G	53	2782382	6365714	86353246	
G	54	12	26	38	
G	54	2781001	6343239	86679548	
G	55	12	26	38	
G	55	2796228	6377514	86549392	
G	56	12	26	38	
G	56	2810377	6405087	86541583	
G	57	12	26	38	
G	57	2849957	6484873	86368267	
G	58	12	26	38	
G	58	2879174	6546121	86614560	
G	59	12	26	38	
G	59	2935087	6669975	86549237	
G	60	12	26	38	
G	60	2909867	6596239	86584398	
G	61	12	26	38	
G	61	2934927	6649120	86335009	
G	62	12	26	38	
G	62	2946718	6651519	86274232	
G	63	12	26	38	
G	63	3011815	6803219	86520530	
G	64	12	26	38	
G	64	3032682	6836752	86754591	
G	65	12	26	38	
G	65	3023297	6799795	86595792	
G	66	12	26	38	
G	66	2984349	6688214	86517374	
G	67	12	26	38	
G	67	3060434	6860835	86324689	
G	68	12	26	38	
G	68	3143953	7055360	86492953	
G	69	12	26	38	
G	69	3117387	6969037	86885968	
G	70	12	26	38	
G	70	3137938	7023116	86931255	
G	71	12	26	38	
G	71	3125468	6968438	86652032	
G	72	12	26	38	
G	72	3175370	7091398	86599067	
G	73	12	26	38	
G	73	3221154	7202037	86662673	
G	74	12	26	38	
G	74	3323865	7427160	86779790	
G	75	12	26	38	
G	75	3326644	7413682	86738106	
G	76	12	26	38	
G	76	3255405	7234620	86635886	
G	77	12	26	38	
G	77	3246705	7218017	86664497	
G	78	12	26	38	
G	78	3311139	7351590	87037215	
G	79	12	26	38	
G	79	3370318	7493564	87152281	
G	80	12	26	38	
G	80	3388458	7516462	87006737	
G	81	12	26	38	
G	81	3459688	7695051	86808808	
G	82	12	26	38	
G	82	3425934	7594359	86818237	
G	83	12	26	38	
G	83	3396263	7497728	86997927	
G	84	12	26	38	
G	84	3354301	7393500	86791041	
G	85	12	26	38	
G	85	3498662	7744580	86726936	
G	86	12	26	38	
G	86	3548393	7850776	86701262	
G	87	12	26	38	
G	87	3478180	7662720	86777078	
G	88	12	26	38	
G	88	3523696	7777417	87020428	
G	89	12	26	38	
G	89	3607027	7956347	86997539	
G	90	12	26	38	
G	90	3717257	8218824	86875987	
G	91	12	26	38	
G	91	3662954	8049048	86713936	
G	92	12	26	38	
G	92	3553793	7787794	86590124	
G	93	12	26	38	
G	93	3638165	7976007	86813357	
G	94	12	26	38	
G	94	3672594	8038835	86913071	
G	95	12	26	38	
G	95	3606023	7882822	86866760	
G	96	12	26	38	
G	96	3709238	8123243	86879112	
G	97	12	26	38	
G	97	3914086	8604420	86818280	
G	98	12	26	38	
G	98	3821407	8356699	86954770	
G	99	12	26	38	
G	99	3821229	8352583	87082158	
G	100	12	26	38	
G	100	3819162	8326412	87076597	
G	101	12	26	38	
G	101	3837693	8380632	86918386	
G	102	12	26	38	
G	102	3900808	8497446	86925499	
G	103	12	26	38	
G	103	3889830	8482356	86930068	
G	104	12	26	38	
G	104	4048406	8834605	87095645	
G	105	12	26	38	
G	105	4188743	9156808	87052738	
G	106	12	26	38	
G	106	4034350	8762346	86924888	
G	107	12	26	38	
G	107	4091459	8917177	86942543	
G	108	12	26	38	
G	108	4124041	8970786	87035941	
G	109	12	26	38	
G	109	4103745	8912664	87021710	
G	110	12	26	38	
G	110	4162955	9029003	87147933	
G	111	12	26	38	
G	111	4339459	9434726	87076139	
G	112	12	26	38	
G	112	4324154	9403828	86995614	
G	113	12	26	38	
G	113	4388359	9531315	87140059	
G	114	12	26	38	
G	114	4452468	9653392	87361258	
G	115	12	26	38	
G	115	4425290	9595712	87280194	
G	116	12	26	38	
G	116	4413070	9556704	87153141	
G	117	12	26	38	
G	117	4389241	9470408	87023605	
G	118	12	26	38	
G	118	4469417	9656676	87242649	
G	119	12	26	38	
G	119	4473709	9654171	87315031	
G	120	12	26	38	
G	120	4407245	9492214	87319065	
G	121	12	26	38	
G	121	4481274	9658874	87156947	
G	122	12	26	38	
G	122	4586091	9885253	87156301	
G	123	12	26	38	
G	123	4649761	10020788	87243921	
G	124	12	26	38	
G	124	4731924	10224007	87264928	
G	125	12	26	38	
G	125	4562935	9788492	87157506	
G	126	12	26	38	
G	126	4623030	9919507	87255586	
G	127	12	26	38	
G	127	4632498	9912367	87169478	
G	128	12	26	38	
G	128	4655478	9978379	87316133	
G	129	12	26	38	
G	129	4846503	10377856	87491453	
G	130	12	26	38	
G	130	4751011	10172975	87380840	
G	131	12	26	38	
G	131	4877235	10477258	87338623	
G	132	12	26	38	
G	132	4938049	10557502	87346984	
G	133	12	26	38	
G	133	4901777	10500097	87376364	
G	134	12	26	38	
G	134	5151264	11047766	87541735	
G	135	12	26	38	
G	135	5166733	11048124	87535181	
G	136	12	26	38	
G	136	5190434	11112933	87473611	
G	137	12	26	38	
G	137	5078039	10847818	87452985	
G	138	12	26	38	
G	138	5143407	10989939	87635634	
G	139	12	26	38	
G	139	5218173	11138672	87695223	
G	140	12	26	38	
G	140	5223512	11118361	87694535	
G	141	12	26	38	
G	141	5182202	11022145	87582700	
G	142	12	26	38	
G	142	5189501	11048672	87612764	
G	143	12	26	38	
G	143	5633547	12041574	87944067	
G	144	12	26	38	
G	144	5839973	12471156	88132686	
G	145	12	26	38	
G	145	5957527	12720904	88068058	
G	146	12	26	38	
G	146	5587192	11874524	87866595	
G	147	12	26	38	
G	147	5306310	11248785	87824378	
G	148	12	26	38	
G	148	5285400	11201135	87958410	
G	149	12	26	38	
G	149	5567307	11851543	88156699	
G	150	12	26	38	
G	150	7089798	15482600	89287107	
C	0	12	26	38	
C	0	1788922	4420680	85101678	
C	1	12	26	38	
C	1	1855631	4959704	75050940	
C	2	12	26	38	
C	2	1516744	3927565	79604638	
C	3	12	26	38	
C	3	1468481	3799586	81945634	
C	4	12	26	38	
C	4	1413296	3657315	82301336	
C	5	12	26	38	
C	5	1371700	3559090	83649493	
C	6	12	26	38	
C	6	1353028	3513828	82946302	
C	7	12	26	38	
C	7	1381585	3592005	84283679	
C	8	12	26	38	
C	8	1374650	3570992	84069817	
C	9	12	26	38	
C	9	1368791	3559086	83992360	
C	10	12	26	38	
C	10	1351986	3522822	83430370	
C	11	12	26	38	
C	11	1357005	3534292	83694878	
C	12	12	26	38	
C	12	1370444	3564148	83347054	
C	13	12	26	38	
C	13	1404688	3655941	83657146	
C	14	12	26	38	
C	14	1421759	3681414	83644210	
C	15	12	26	38	
C	15	1415092	3678564	83955087	
C	16	12	26	38	
C	16	1433827	3715790	83765313	
C	17	12	26	38	
C	17	1447390	3750544	84374014	
C	18	12	26	38	
C	18	1450936	3762558	84566958	
C	19	12	26	38	
C	19	1459614	3776034	84615538	
C	20	12	26	38	
C	20	1484059	3829966	84442809	
C	21	12	26	38	
C	21	1504377	3879506	84625735	
C	22	12	26	38	
C	22	1533855	3953433	84417319	
C	23	12	26	38	
C	23	1545244	3988430	84885846	
C	24	12	26	38	
C	24	1575554	4049938	84828418	
C	25	12	26	38	
C	25	1600756	4109399	84671053	
C	26	12	26	38	
C	26	1617776	4143194	85017709	
C	27	12	26	38	
C	27	1631283	4175216	84899935	
C	28	12	26	38	
C	28	1657855	4238161	84948595	
C	29	12	26	38	
C	29	1669257	4251424	85146612	
C	30	12	26	38	
C	30	1682456	4269033	84991778	
C	31	12	26	38	
C	31	1719234	4353882	84968285	
C	32	12	26	38	
C	32	1755107	4426807	84887753	
C	33	12	26	38	
C	33	1776718	4475032	84926385	
C	34	12	26	38	
C	34	1801212	4532031	85423412	
C	35	12	26	38	
C	35	1820836	4562398	85244853	
C	36	12	26	38	
C	36	1828724	4573795	85158902	
C	37	12	26	38	
C	37	1863569	4644314	85266863	
C	38	12	26	38	
C	38	1870675	4659149	85279177	
C	39	12	26	38	
C	39	1874709	4659915	85395056	
C	40	12	26	38	
C	40	1885749	4680922	85277937	
C	41	12	26	38	
C	41	1914876	4732264	85343399	
C	42	12	26	38	
C	42	1944841	4807278	85348095	
C	43	12	26	38	
C	43	1968018	4853283	85673010	
C	44	12	26	38	
C	44	1980464	4883515	85870306	
C	45	12	26	38	
C	45	2004084	4947451	85547789	
C	46	12	26	38	
C	46	2049759	5039673	85452429	
C	47	12	26	38	
C	47	2056161	5046457	85673970	
C	48	12	26	38	
C	48	2079112	5105127	85842003	
C	49	12	26	38	
C	49	2107184	5166549	85861169	
C	50	12	26	38	
C	50	2149577	5264631	85764365	
C	51	12	26	38	
C	51	2160866	5274455	85572980	
C	52	12	26	38	
C	52	2170251	5293288	85643741	
C	53	12	26	38	
C	53	2187018	5326676	85901042	
C	54	12	26	38	
C	54	2185148	5320505	85833266	
C	55	12	26	38	
C	55	2196048	5336003	85843575	
C	56	12	26	38	
C	56	2210640	5367587	85660334	
C	57	12	26	38	
C	57	2252723	5461957	85644651	
C	58	12	26	38	
C	58	2275258	5504149	85860194	
C	59	12	26	38	
C	59	2324285	5620125	86217378	
C	60	12	26	38	
C	60	2309419	5572504	86061238	
C	61	12	26	38	
C	61	2332065	5622077	86044454	
C	62	12	26	38	
C	62	2353855	5661049	85882391	
C	63	12	26	38	
C	63	2379567	5715315	85958080	
C	64	12	26	38	
C	64	2414722	5803319	85991168	
C	65	12	26	38	
C	65	2393808	5734059	86048023	
C	66	12	26	38	
C	66	2388624	5717834	86022551	
C	67	12	26	38	
C	67	2456823	5887773	86015540	
C	68	12	26	38	
C	68	2510986	5995213	86191290	
C	69	12	26	38	
C	69	2486571	5929459	86042419	
C	70	12	26	38	
C	70	2509721	5983357	85911121	
C	71	12	26	38	
C	71	2528390	6010972	85951552	
C	72	12	26	38	
C	72	2558435	6075695	85817761	
C	73	12	26	38	
C	73	2612090	6206680	85891355	
C	74	12	26	38	
C	74	2699698	6412267	86119550	
C	75	12	26	38	
C	75	2690191	6366788	85962782	
C	76	12	26	38	
C	76	2607847	6160431	85749378	
C	77	12	26	38	
C	77	2621694	6191309	85742952	
C	78	12	26	38	
C	78	2675116	6308798	85766527	
C	79	12	26	38	
C	79	2726564	6435157	85979987	
C	80	12	26	38	
C	80	2773538	6529823	85781270	
C	81	12	26	38	
C	81	2816929	6623323	85695287	
C	82	12	26	38	
C	82	2832624	6649276	85586414	
C	83	12	26	38	
C	83	2781285	6504730	85860431	
C	84	12	26	38	
C	84	2792119	6551997	86144502	
C	85	12	26	38	
C	85	2907817	6814480	86030468	
C	86	12	26	38	
C	86	2938370	6876982	85827590	
C	87	12	26	38	
C	87	2881699	6721024	85923500	
C	88	12	26	38	
C	88	2938897	6872568	85937905	
C	89	12	26	38	
C	89	3020348	7042037	86168753	
C	90	12	26	38	
C	90	3099862	7239825	86208279	
C	91	12	26	38	
C	91	3055243	7096836	86149221	
C	92	12	26	38	
C	92	3004474	6986527	86117228	
C	93	12	26	38	
C	93	3087634	7176317	86339002	
C	94	12	26	38	
C	94	3106540	7197156	86279662	
C	95	12	26	38	
C	95	3053031	7072090	86238056	
C	96	12	26	38	
C	96	3143351	7302852	86034340	
C	97	12	26	38	
C	97	3286863	7617934	86107773	
C	98	12	26	38	
C	98	3220416	7437063	86163404	
C	99	12	26	38	
C	99	3238996	7485073	86303207	
C	100	12	26	38	
C	100	3228220	7446733	86293588	
C	101	12	26	38	
C	101	3258851	7535962	86156231	
C	102	12	26	38	
C	102	3285587	7560834	86070216	
C	103	12	26	38	
C	103	3318986	7653432	86320761	
C	104	12	26	38	
C	104	3463867	7981175	86333385	
C	105	12	26	38	
C	105	3526749	8107849	86185717	
C	106	12	26	38	
C	106	3416058	7822765	85983236	
C	107	12	26	38	
C	107	3464606	7956166	85901718	
C	108	12	26	38	
C	108	3510588	8060031	86184633	
C	109	12	26	38	
C	109	3485417	7984100	86186895	
C	110	12	26	38	
C	110	3570227	8167283	86120827	
C	111	12	26	38	
C	111	3648979	8354303	85934033	
C	112	12	26	38	
C	112	3694459	8460381	85943016	
C	113	12	26	38	
C	113	3778590	8629130	85980877	
C	114	12	26	38	
C	114	3783987	8631943	85997502	
C	115	12	26	38	
C	115	3766624	8593022	85972461	
C	116	12	26	38	
C	116	3795912	8655691	85947925	
C	117	12	26	38	
C	117	3753625	8534338	85864446	
C	118	12	26	38	
C	118	3838875	8731042	85905005	
C	119	12	26	38	
C	119	3845803	8741088	86075570	
C	120	12	26	38	
C	120	3771800	8568350	86038964	
C	121	12	26	38	
C	121	3849428	8760742	85809700	
C	122	12	26	38	
C	122	3973476	9023898	85835231	
C	123	12	26	38	
C	123	4029536	9137384	86087469	
C	124	12	26	38	
C	124	4044150	9177306	86150948	
C	125	12	26	38	
C	125	3968152	8970683	86107169	
C	126	12	26	38	
C	126	4038563	9142999	85912959	
C	127	12	26	38	
C	127	3992932	9011291	85849604	
C	128	12	26	38	
C	128	4051609	9154572	86050967	
C	129	12	26	38	
C	129	4226800	9525191	86119569	
C	130	12	26	38	
C	130	4138059	9326432	86055120	
C	131	12	26	38	
C	131	4260835	9628332	85986101	
C	132	12	26	38	
C	132	4288093	9648588	86011333	
C	133	12	26	38	
C	133	4323956	9755119	86213796	
C	134	12	26	38	
C	134	4491975	10096770	86195357	
C	135	12	26	38	
C	135	4534918	10195224	85964911	
C	136	12	26	38	
C	136	4490982	10083658	85800755	
C	137	12	26	38	
C	137	4459685	10018609	85812972	
C	138	12	26	38	
C	138	4531261	10170553	85896043	
C	139	12	26	38	
C	139	4561099	10207524	85917648	
C	140	12	26	38	
C	140	4579052	10250734	85792179	
C	141	12	26	38	
C	141	4523962	10100287	85670197	
C	142	12	26	38	
C	142	4573354	10240868	85620960	
C	143	12	26	38	
C	143	4949821	11054372	85727681	
C	144	12	26	38	
C	144	5167439	11509502	85728451	
C	145	12	26	38	
C	145	5165807	11496258	85480878	
C	146	12	26	38	
C	146	4928411	10954444	85407237	
C	147	12	26	38	
C	147	4684876	10404754	85293552	
C	148	12	26	38	
C	148	4698980	10475307	85300984	
C	149	12	26	38	
C	149	4944771	11011158	85380735	
C	150	12	26	38	
C	150	6316528	13948880	85500135	
N	0	3	
N	0	285441	
N	1	3	
N	1	50631	
N	2	3	
N	2	8815	
N	3	3	
N	3	310	
N	4	3	
N	4	33611	
N	5	3	
N	5	18262	
N	6	3	
N	6	11062	
N	7	
N	7	
N	8	3	
N	8	52	
N	9	3	
N	9	100551	
N	10	3	
N	10	92415	
N	11	3	
N	11	50280	
N	12	3	
N	12	2082	
N	13	3	
N	13	96	
N	14	
N	14	
N	15	
N	15	
N	16	3	
N	16	96	
N	17	3	
N	17	863	
N	18	3	
N	18	1245	
N	19	
N	19	
N	20	3	
N	20	146	
N	21	3	
N	21	34620	
N	22	3	
N	22	2792	
N	23	3	
N	23	74	
N	24	3	
N	24	12931	
N	25	3	
N	25	65426	
N	26	3	
N	26	7032	
N	27	
N	27	
N	28	3	
N	28	124	
N	29	3	
N	29	66739	
N	30	
N	30	
N	31	
N	31	
N	32	
N	32	
N	33	
N	33	
N	34	
N	34	
N	35	3	
N	35	89	
N	36	3	
N	36	1386	
N	37	3	
N	37	6360	
N	38	3	
N	38	385	
N	39	
N	39	
N	40	3	
N	40	33570	
N	41	
N	41	
N	42	
N	42	
N	43	3	
N	43	70555	
N	44	3	
N	44	1306	
N	45	3	
N	45	1479	
N	46	3	
N	46	6825	
N	47	3	
N	47	18	
N	48	3	
N	48	962	
N	49	3	
N	49	8233	
N	50	3	
N	50	5672	
N	51	
N	51	
N	52	3	
N	52	956	
N	53	3	
N	53	57376	
N	54	
N	54	
N	55	3	
N	55	44895	
N	56	3	
N	56	7046	
N	57	
N	57	
N	58	3	
N	58	28732	
N	59	
N	59	
N	60	
N	60	
N	61	
N	61	
N	62	3	
N	62	241	
N	63	3	
N	63	122	
N	64	3	
N	64	346	
N	65	3	
N	65	1531	
N	66	
N	66	
N	67	3	
N	67	256	
N	68	3	
N	68	4197	
N	69	3	
N	69	361	
N	70	
N	70	
N	71	
N	71	
N	72	3	
N	72	390	
N	73	
N	73	
N	74	
N	74	
N	75	3	
N	75	148	
N	76	3	
N	76	168	
N	77	3	
N	77	124	
N	78	3	
N	78	6	
N	79	
N	79	
N	80	3	
N	80	3396	
N	81	3	
N	81	215	
N	82	
N	82	
N	83	3	
N	83	182	
N	84	3	
N	84	317	
N	85	3	
N	85	2602	
N	86	3	
N	86	42	
N	87	3	
N	87	337	
N	88	3	
N	88	246	
N	89	3	
N	89	7975	
N	90	3	
N	90	76	
N	91	3	
N	91	866	
N	92	3	
N	92	706	
N	93	3	
N	93	877	
N	94	3	
N	94	42214	
N	95	3	
N	95	78	
N	96	3	
N	96	7404	
N	97	3	
N	97	1095	
N	98	3	
N	98	9	
N	99	3	
N	99	92	
N	100	3	
N	100	1434	
N	101	3	
N	101	28	
N	102	3	
N	102	41	
N	103	3	
N	103	216	
N	104	
N	104	
N	105	3	
N	105	134	
N	106	3	
N	106	954	
N	107	
N	107	
N	108	3	
N	108	74	
N	109	3	
N	109	15	
N	110	3	
N	110	1395	
N	111	3	
N	111	1116	
N	112	3	
N	112	3114	
N	113	3	
N	113	683	
N	114	3	
N	114	5201	
N	115	3	
N	115	16713	
N	116	
N	116	
N	117	3	
N	117	558	
N	118	3	
N	118	12	
N	119	3	
N	119	615	
N	120	
N	120	
N	121	3	
N	121	307	
N	122	3	
N	122	123	
N	123	3	
N	123	1088	
N	124	
N	124	
N	125	
N	125	
N	126	3	
N	126	184	
N	127	3	
N	127	523	
N	128	3	
N	128	1180	
N	129	3	
N	129	41	
N	130	3	
N	130	864	
N	131	
N	131	
N	132	3	
N	132	259	
N	133	3	
N	133	500	
N	134	3	
N	134	5532	
N	135	3	
N	135	839	
N	136	3	
N	136	2870	
N	137	3	
N	137	841	
N	138	3	
N	138	71	
N	139	3	
N	139	155	
N	140	3	
N	140	93	
N	141	3	
N	141	133	
N	142	3	
N	142	163	
N	143	3	
N	143	215	
N	144	
N	144	
N	145	3	
N	145	600	
N	146	3	
N	146	228	
N	147	3	
N	147	610	
N	148	3	
N	148	8936	
N	149	3	
N	149	4839	
N	150	
N	150	
