dup	1	100	0	0.2	0	dup
dup	10359942	11099943	0	0.2	0	dup
dup	33194399	76954315	0	0.2	0	dup
aoh	165490763	166930763	0	1	0	aoh
del	221706658	234994253	0	1	0	del
aoh	246886698	248925801	0	1	0	aoh
aoh	500000	2246228	1	1	0	aoh
del	25017131	25887131	1	1	0	del
dup	74182873	79722874	1	0.2	0	dup
del	135802430	151073486	1	1	0	del
aoh	239268304	242097849	1	1	0	aoh
del	68530849	74240849	2	1	0	del
dup	86260850	154672211	2	0.2	0	dup
dup	7708273	20878377	3	0.2	0	dup
del	111158844	127418845	3	0.2	0	del
del	152198848	153818848	3	1	0	del
del	181118847	181428847	3	1	0	del
del	500000	1199885	4	1	0	del
del	2399886	34779895	4	1	0	del
del	63324173	65524172	4	0.2	0	del
dup	9279767	12299767	5	1	0	dup
dup	25509772	26289772	5	1	0	dup
del	116648837	117108837	5	1	0	del
del	134178862	136278862	5	1	0	del
aoh	166676512	170470912	5	1	0	aoh
del	114819945	131805241	6	1	0	del
dup	6542479	53077440	7	1	0	dup
dup	74557765	76377765	7	1	0	dup
del	114597771	117597761	7	1	0	del
aoh	500000	970000	8	1	0	aoh
dup	35600003	38130003	8	1	0	dup
aoh	62798832	116137721	8	1	0	aoh
del	116887721	117247721	8	1	0	del
aoh	137305548	138185548	8	0.2	0	aoh
del	50020240	77000242	9	1	0	del
dup	128851736	129531736	9	0.2	0	dup
dup	129961735	130981737	9	1	0	dup
arm_gain	133246496	133616496	9	1	0	gain
aoh	500000	1082004	10	0.2	0	aoh
del	14108454	16738453	10	0.2	0	del
del	30138453	44948449	10	1	0	del
dup	67362529	68052533	10	1	0	dup
aoh	7877403	8137403	11	1	0	aoh
del	90896223	94956224	11	0.2	0	del
del	123415453	123905453	11	1	0	del
aoh	132145455	133253414	11	1	0	aoh
del	21921825	22262116	13	1	0	del
dup	53863282	61833282	13	1	0	dup
del	63353282	64823282	13	1	0	del
aoh	106493986	106881350	13	1	0	aoh
del	6299999	6689999	15	0.2	0	del
del	29808679	30338679	15	1	0	del
del	83296395	83726395	15	0.2	0	del
aoh	500000	1036760	16	1	0	aoh
dup	4316705	4486705	16	1	0	dup
del	500000	7560002	17	0.2	0	del
dup	28220036	68132763	17	1	0	dup
dup	74222765	74512765	17	1	0	dup
aoh	50956744	55858634	18	0.2	0	aoh
del	33842194	37051597	19	1	0	del
aoh	49563463	56274944	19	1	0	aoh
del	58194944	58764944	19	1	0	del
del	64218647	64288647	19	0.2	0	del
dup	18902487	21065711	21	1	0	dup
del	22395662	22787511	21	1	0	del
dup	27014037	27444039	21	0.2	0	dup
dup	32304013	49926352	21	1	0	dup
arm_gain	50021571	50751572	21	1	0	gain
del	29581883	48360565	22	1	0	del
dup	55263567	67130157	22	0.2	0	dup
aoh	814620	1244620	23	1	0	aoh
del	15713505	31824399	23	0.2	0	del
dup	160620210	163940763	23	1	0	dup
del	237016700	237826700	23	1	0	del
dup	15609876	16308731	24	0.2	0	dup
del	38522858	49712862	24	1	0	del
del	50882862	51442862	24	0.2	0	del
dup	57542865	61112865	24	1	0	dup
del	230025284	230895285	24	1	0	del
dup	1898316	2218316	25	1	0	dup
del	5088315	23158509	25	1	0	del
del	60314270	60754267	25	1	0	del
dup	169412212	175792212	25	1	0	dup
aoh	197523129	198113129	25	0.2	0	aoh
aoh	500000	7028273	26	1	0	aoh
aoh	52473834	75888847	26	1	0	aoh
del	101238843	101788843	26	1	0	del
del	104658843	106248843	26	0.2	0	del
del	186648846	186838846	26	1	0	del
del	81044181	113844303	27	0.2	0	del
arm_gain	134074309	181272999	27	1	0	gain
del	21859769	22039771	28	1	0	del
del	56045202	109628797	28	0.2	0	del
aoh	500000	2770366	29	1	0	aoh
del	7760369	7970369	29	1	0	del
aoh	32000388	32650387	29	1	0	aoh
del	36400391	42890401	29	0.2	0	del
del	99612377	100772377	29	1	0	del
del	142618727	142802316	29	0.2	0	del
aoh	155867306	159327310	29	1	0	aoh
del	94707772	95487772	30	0.2	0	del
aoh	144095097	145064614	30	1	0	aoh
dup	22960001	25900002	31	0.2	0	dup
dup	120897722	122137721	31	1	0	dup
dup	2087806	3277808	32	1	0	dup
del	82160244	103420243	32	1	0	del
aoh	78668955	134840106	33	0.2	0	aoh
aoh	500000	970834	34	1	0	aoh
del	9147404	12667066	34	1	0	del
dup	50636217	75186220	34	1	0	dup
dup	127025455	127905454	34	1	0	dup
del	28105863	28645863	35	1	0	del
del	50265864	50915864	35	1	0	del
aoh	106147651	114334525	35	0.2	0	aoh
del	34440794	34880794	36	0.2	0	del
aoh	76113657	104713663	36	1	0	aoh
aoh	24284853	24674853	37	0.2	0	aoh
aoh	79007658	79517658	37	0.2	0	aoh
dup	100349795	101259795	37	1	0	dup
aoh	500000	1170000	38	1	0	aoh
del	5729999	6279999	38	1	0	del
del	6889999	7599998	38	0.2	0	del
dup	71396097	72246101	38	1	0	dup
aoh	85606394	90103592	38	1	0	aoh
aoh	82772124	83152231	39	1	0	aoh
del	76388044	80259271	40	1	0	del
aoh	500000	1330001	41	0.2	0	aoh
dup	3710002	5179989	41	1	0	dup
arm_gain	58168633	58588633	41	1	0	gain
del	2519354	3339353	42	1	0	del
del	32522197	33212194	42	1	0	del
del	37261597	47531256	42	1	0	del
aoh	37007700	46680088	43	1	0	aoh
dup	16367188	17957234	44	1	0	dup
aoh	500000	3021959	45	1	0	aoh
dup	98965002	142182214	45	0.2	0	dup
aoh	144618479	156000335	45	0.2	0	aoh
